3113.0	635.0	20	2
2713.0	1784.0	6	2
2307.0	2605.0	4	2
2985.0	642.0	2	1
3307.0	1692.0	3	2
3299.0	514.0	19	2
2845.0	2578.0	5	2
1047.0	3478.0	3	2
3289.0	530.0	19	2
3617.0	830.0	107	2
3293.0	514.0	19	2
2735.0	2323.0	1	0
3515.0	2248.0	3	2
2039.0	2765.0	1	2
3297.0	504.0	19	2
2057.0	2388.0	2	2
3099.0	2317.0	1	3
1763.0	3364.0	1	3
3443.0	911.0	9	2
3385.0	85.0	17	2
3299.0	514.0	19	2
3295.0	521.0	19	2
3299.0	514.0	19	2
1909.0	3406.0	6	2
3325.0	1363.0	1	2
3001.0	2325.0	12	2
3299.0	514.0	19	2
2767.0	1811.0	3	2
1617.0	2214.0	1	2
2591.0	2273.0	3	3
2403.0	1604.0	39	2
3015.0	895.0	39	2
1843.0	2715.0	34	2
1843.0	2715.0	34	2
3069.0	2235.0	12	2
3005.0	2339.0	12	2
1735.0	2368.0	2	2
1753.0	3379.0	1	2
1573.0	2300.0	2	3
1723.0	2629.0	34	2
3391.0	1310.0	12	2
3337.0	1288.0	12	2
3157.0	1938.0	13	2
1843.0	2715.0	34	2
1489.0	3429.0	13	2
2993.0	1763.0	1	2
3655.0	1709.0	1	2
3425.0	30.0	2	2
3573.0	1478.0	1	2
3017.0	2069.0	12	2
3521.0	983.0	1	2
2355.0	2897.0	14	2
2357.0	2958.0	14	2
2913.0	1341.0	8	2
3339.0	2473.0	1	2
2899.0	1614.0	13	2
3757.0	979.0	1	2
2437.0	1334.0	27	2
3111.0	698.0	2	1
3519.0	1468.0	12	2
3519.0	1468.0	12	2
3413.0	1590.0	12	2
3519.0	1468.0	12	2
3519.0	1468.0	12	2
2795.0	1684.0	12	2
2897.0	1580.0	12	2
2897.0	1580.0	12	2
2897.0	1580.0	12	2
2897.0	1580.0	12	2
3777.0	2230.0	13	2
3609.0	1178.0	45	2
3417.0	769.0	1	2
1981.0	2144.0	1	2
3425.0	12.0	1	2
3071.0	1157.0	1	2
345.0	3192.0	5	2
3375.0	1538.0	1	2
1497.0	3179.0	34	2
2991.0	2624.0	30	2
2379.0	2536.0	6	2
1615.0	2726.0	1	2
2883.0	1013.0	34	2
1623.0	3338.0	34	2
3345.0	243.0	1	2
3373.0	1346.0	1	2
2921.0	1572.0	21	2
2921.0	1572.0	21	2
3437.0	1412.0	100	2
2181.0	1617.0	1	1
2921.0	1572.0	21	2
2021.0	3108.0	45	2
2747.0	2116.0	15	2
983.0	2948.0	1	2
725.0	3154.0	2	0
3211.0	2592.0	7	2
2523.0	1577.0	7	2
3241.0	409.0	19	2
3413.0	66.0	12	2
1989.0	2845.0	2	0
2941.0	2588.0	5	2
3017.0	2059.0	30	2
2775.0	2707.0	7	2
2593.0	3043.0	7	2
2583.0	3038.0	7	2
3673.0	2320.0	7	2
511.0	2585.0	2	3
2397.0	2851.0	34	2
1525.0	2714.0	8	2
3507.0	1460.0	8	2
3287.0	2449.0	15	2
2607.0	1355.0	1	2
1865.0	2558.0	1	2
3035.0	2551.0	9	2
1305.0	2210.0	107	2
2683.0	1205.0	107	2
3803.0	2278.0	5	2
3195.0	1264.0	4	2
3305.0	2246.0	2	2
2465.0	2458.0	4	2
2119.0	2581.0	1	2
2301.0	2412.0	6	2
2919.0	2656.0	1	2
1981.0	3265.0	6	2
823.0	3222.0	2	2
3211.0	1597.0	3	2
2097.0	3149.0	6	2
3923.0	1850.0	1	2
2101.0	3150.0	6	2
3355.0	1232.0	1	2
1965.0	3395.0	6	2
2001.0	3254.0	6	2
2193.0	3279.0	6	2
3317.0	58.0	10	2
3419.0	67.0	1	2
1517.0	1998.0	1	2
1897.0	2578.0	2	2
2191.0	2349.0	30	2
1245.0	2517.0	4	2
2453.0	1329.0	1	2
2907.0	1949.0	23	2
3473.0	1947.0	25	2
1527.0	2290.0	4	2
2173.0	3101.0	2	3
3427.0	173.0	1	2
1131.0	2315.0	30	2
2841.0	1756.0	23	2
2349.0	2079.0	4	2
3069.0	757.0	20	2
3467.0	2635.0	18	2
3455.0	2439.0	18	2
1781.0	2624.0	2	2
3159.0	199.0	1	2
3341.0	2378.0	18	2
2017.0	3155.0	1	2
2619.0	2314.0	3	2
1671.0	3390.0	1	2
2993.0	1916.0	1	2
1991.0	3220.0	6	2
3601.0	1136.0	30	2
3369.0	2235.0	1	2
2191.0	1577.0	30	2
3329.0	2650.0	18	2
2795.0	1918.0	30	2
3955.0	1796.0	13	2
3153.0	854.0	1	2
2815.0	1825.0	23	2
3849.0	1692.0	1	2
4103.0	1731.0	1	2
2837.0	1649.0	23	2
2735.0	1784.0	23	2
1891.0	2947.0	3	2
3587.0	893.0	1	2
1557.0	3138.0	1	2
3221.0	2323.0	12	2
2735.0	1784.0	23	2
3563.0	573.0	1	2
3235.0	119.0	1	2
345.0	3192.0	5	2
3413.0	677.0	5	2
1235.0	3009.0	1	2
3095.0	2000.0	33	2
3221.0	2323.0	12	2
3495.0	865.0	2	3
3221.0	2323.0	12	2
3343.0	64.0	1	2
2131.0	1679.0	2	2
3585.0	2015.0	4	2
2653.0	1699.0	23	2
1907.0	2346.0	2	3
3721.0	207.0	2	2
2067.0	1893.0	33	2
3925.0	550.0	2	2
3513.0	74.0	12	2
2221.0	2239.0	6	2
3341.0	219.0	12	2
3513.0	199.0	12	2
2221.0	2239.0	6	2
3481.0	202.0	12	2
3407.0	2546.0	4	2
1729.0	3209.0	1	1
2861.0	372.0	45	2
2485.0	2369.0	1	2
2663.0	2614.0	5	2
2067.0	2378.0	3	2
2199.0	3423.0	1	2
3285.0	545.0	39	2
2205.0	2460.0	2	2
3031.0	2241.0	13	2
3421.0	2567.0	7	2
3457.0	2636.0	7	2
1815.0	2795.0	39	2
1917.0	2750.0	1	2
2403.0	2704.0	4	2
2845.0	1736.0	23	2
3927.0	932.0	6	0
2711.0	1636.0	23	2
2035.0	3329.0	5	2
2291.0	2469.0	4	2
2623.0	1923.0	23	2
3467.0	504.0	1	2
2335.0	2483.0	1	2
2519.0	1475.0	2	2
2891.0	1820.0	1	2
1145.0	2979.0	1	3
2837.0	1660.0	23	2
2191.0	2456.0	5	2
3253.0	372.0	20	2
3273.0	2303.0	15	2
3549.0	781.0	45	2
1703.0	2536.0	1	2
2851.0	1124.0	129	2
3157.0	801.0	5	2
2105.0	2981.0	1	2
3299.0	307.0	1	2
3863.0	918.0	107	2
1825.0	2239.0	34	2
1981.0	3417.0	4	0
2975.0	2039.0	4	1
2407.0	2483.0	19	2
3323.0	112.0	9	2
2827.0	2763.0	9	2
3065.0	618.0	1	2
2261.0	1868.0	2	2
3245.0	1015.0	1	2
3301.0	1972.0	6	2
2295.0	3333.0	15	2
4189.0	1324.0	1	2
2865.0	1061.0	2	2
1835.0	3372.0	2	2
2195.0	2894.0	2	2
2509.0	2252.0	40	2
3409.0	434.0	8	2
2719.0	1692.0	23	2
2119.0	2614.0	6	2
2045.0	1721.0	6	2
3727.0	2210.0	2	2
1547.0	2614.0	5	2
2915.0	2391.0	11	2
1299.0	2168.0	2	2
1757.0	2673.0	2	2
2475.0	2215.0	2	2
3255.0	759.0	1	2
2861.0	2704.0	5	2
1979.0	2436.0	1	2
3357.0	2514.0	5	2
2507.0	2668.0	5	2
3291.0	445.0	38	2
2463.0	2218.0	40	2
3659.0	1403.0	1	2
2573.0	1960.0	13	2
2853.0	1842.0	1	2
3323.0	1665.0	4	2
2851.0	2509.0	13	2
2979.0	2137.0	4	1
3189.0	2546.0	5	2
3327.0	1672.0	4	2
3217.0	1989.0	6	2
1835.0	2867.0	13	2
2929.0	2831.0	2	2
1735.0	2094.0	1	2
2601.0	3074.0	1	2
3045.0	1041.0	6	2
1683.0	2694.0	3	2
1601.0	2312.0	1	2
3645.0	2132.0	2	2
2889.0	2281.0	12	2
3865.0	2100.0	9	2
1451.0	3202.0	1	2
3231.0	2415.0	40	2
3143.0	1248.0	3	2
823.0	3125.0	2	2
2827.0	2763.0	9	2
3307.0	838.0	1	3
1593.0	2911.0	20	2
2901.0	375.0	1	2
3201.0	1185.0	1	2
3029.0	2643.0	34	2
3927.0	596.0	1	2
1989.0	2894.0	1	2
3101.0	810.0	1	2
3581.0	1689.0	1	2
3781.0	453.0	1	2
3533.0	2565.0	3	2
2083.0	2047.0	6	2
3309.0	1478.0	12	2
1573.0	2753.0	2	2
3249.0	2637.0	5	2
2175.0	2288.0	3	2
2355.0	1569.0	3	2
1847.0	2648.0	6	1
2331.0	2276.0	8	2
3549.0	2553.0	3	2
3055.0	1456.0	4	2
2177.0	1692.0	2	2
3533.0	2565.0	3	2
2805.0	2449.0	8	2
2923.0	2446.0	8	2
2363.0	2249.0	8	2
1511.0	2387.0	2	2
3147.0	1543.0	2	3
3515.0	1139.0	20	2
3499.0	1159.0	20	2
3509.0	1157.0	20	2
3395.0	2549.0	4	2
2555.0	1293.0	3	2
3907.0	1872.0	1	2
2923.0	1045.0	6	0
2465.0	1774.0	1	2
3057.0	2259.0	12	2
1761.0	2633.0	34	2
3315.0	913.0	2	2
2077.0	2960.0	34	2
2835.0	1687.0	40	2
1211.0	2139.0	2	2
2201.0	2719.0	4	3
3049.0	1027.0	129	2
3203.0	1455.0	2	2
3385.0	2549.0	4	2
3297.0	504.0	19	2
3263.0	402.0	1	2
3297.0	504.0	19	2
3217.0	2323.0	12	2
2153.0	3149.0	20	2
3235.0	1371.0	1	2
1011.0	2314.0	1	2
3317.0	1670.0	4	2
3363.0	1718.0	4	2
2013.0	2817.0	4	2
2185.0	3379.0	7	2
3075.0	1023.0	2	2
1489.0	2015.0	174	2
3261.0	1601.0	27	2
1625.0	2364.0	129	2
2325.0	1927.0	39	2
2281.0	1981.0	39	2
1959.0	3033.0	40	2
1993.0	3189.0	40	2
2289.0	2785.0	40	2
3015.0	2310.0	12	2
3009.0	2335.0	12	2
3321.0	2089.0	12	2
1921.0	3052.0	4	3
1779.0	3469.0	1	2
3179.0	2239.0	3	0
3335.0	1482.0	8	2
2469.0	2483.0	7	2
2017.0	2704.0	4	3
3021.0	1952.0	7	2
2713.0	2795.0	1	2
2915.0	1122.0	1	2
2221.0	2239.0	6	2
3099.0	772.0	39	2
3121.0	215.0	1	2
3039.0	1039.0	20	2
4095.0	1801.0	3	2
1307.0	1966.0	7	2
2889.0	2921.0	30	2
1483.0	3019.0	1	2
2869.0	2315.0	12	2
3023.0	1635.0	1	2
2175.0	3276.0	11	2
2591.0	2983.0	34	2
2241.0	2661.0	4	0
3003.0	1526.0	21	3
1747.0	3189.0	20	2
2877.0	2731.0	1	2
2991.0	1521.0	21	3
3629.0	865.0	12	2
3629.0	865.0	12	2
3859.0	1227.0	1	2
2827.0	1173.0	100	2
2607.0	3045.0	1	2
3011.0	1515.0	21	3
3529.0	2125.0	20	2
4007.0	1130.0	20	2
2961.0	321.0	5	2
2707.0	1643.0	23	2
4021.0	1125.0	20	2
2113.0	2137.0	47	2
4021.0	1125.0	20	2
4021.0	1125.0	20	2
3257.0	2218.0	1	2
3007.0	1514.0	21	2
3389.0	525.0	2	2
3009.0	1519.0	21	3
3523.0	1149.0	20	2
2001.0	1645.0	5	2
2545.0	3081.0	47	2
2071.0	1789.0	5	2
3357.0	1558.0	1	2
3157.0	2560.0	47	2
2597.0	1906.0	42	2
2947.0	1533.0	21	2
3349.0	2680.0	7	2
2947.0	1533.0	21	2
1603.0	2633.0	1	2
3043.0	966.0	129	2
615.0	3485.0	2	2
2015.0	3403.0	2	2
2423.0	3030.0	14	2
1437.0	2220.0	1	2
3203.0	2409.0	2	2
3065.0	2619.0	1	2
3259.0	76.0	19	2
2685.0	2792.0	12	2
1945.0	1835.0	1	2
2913.0	1923.0	7	2
2039.0	3128.0	20	2
3011.0	1704.0	19	2
2855.0	2008.0	3	2
3417.0	711.0	9	2
3225.0	231.0	1	2
2853.0	2249.0	13	2
1453.0	2751.0	34	2
2075.0	3490.0	34	2
3493.0	1816.0	13	2
3435.0	2524.0	18	2
2583.0	2913.0	1	2
1607.0	3237.0	4	2
2809.0	1665.0	23	2
2323.0	2970.0	14	2
3667.0	1154.0	1	0
2419.0	3033.0	14	2
2329.0	2904.0	14	2
2535.0	3079.0	14	2
2763.0	1264.0	107	2
1843.0	2715.0	20	2
3617.0	830.0	107	2
2377.0	2884.0	14	2
2357.0	2936.0	14	2
1669.0	3331.0	67	2
3617.0	830.0	107	2
3617.0	830.0	107	2
3617.0	830.0	107	2
3617.0	830.0	107	2
3171.0	963.0	3	2
1571.0	2757.0	20	2
3617.0	830.0	107	2
693.0	3274.0	20	2
2911.0	2154.0	2	2
2503.0	2288.0	6	2
2093.0	2616.0	6	2
3263.0	2020.0	6	2
2501.0	2517.0	39	2
2303.0	1538.0	1	2
2465.0	2388.0	39	2
3211.0	997.0	22	2
3435.0	2524.0	18	2
2977.0	1937.0	2	2
4013.0	1000.0	1	2
2099.0	2983.0	4	3
3377.0	2441.0	7	2
4213.0	1185.0	2	3
2235.0	2388.0	129	2
3449.0	1682.0	6	2
3433.0	472.0	1	2
3537.0	1008.0	7	2
3193.0	835.0	2	2
3591.0	2405.0	2	2
3893.0	1246.0	1	2
3543.0	183.0	2	2
3231.0	796.0	2	2
993.0	2923.0	9	2
1449.0	2526.0	1	3
2499.0	2402.0	39	2
2419.0	2429.0	129	2
3365.0	1176.0	1	2
2255.0	2403.0	129	2
2233.0	2592.0	129	2
1929.0	2985.0	38	2
2585.0	2239.0	40	2
3655.0	1656.0	1	2
2935.0	2774.0	6	2
2935.0	2774.0	6	2
3155.0	1370.0	9	2
3221.0	2323.0	12	2
4231.0	1151.0	1	2
2623.0	1861.0	23	2
2697.0	1859.0	23	2
3449.0	1682.0	6	2
569.0	3028.0	100	2
1521.0	3399.0	1	2
2109.0	3182.0	2	2
3221.0	2323.0	12	2
2361.0	1959.0	14	2
3155.0	1370.0	9	2
3209.0	796.0	22	3
2077.0	2437.0	1	2
2385.0	2578.0	6	2
3119.0	922.0	131	0
3221.0	2323.0	12	2
3309.0	2110.0	6	2
3249.0	1227.0	13	2
2593.0	2107.0	5	2
3233.0	76.0	19	2
3137.0	1205.0	13	2
3259.0	1923.0	7	2
3467.0	2614.0	6	2
3389.0	1188.0	22	2
3241.0	681.0	2	2
2329.0	2476.0	129	3
2771.0	2633.0	118	2
4021.0	1125.0	20	2
2873.0	3094.0	19	3
595.0	2441.0	19	2
3051.0	2269.0	12	2
1943.0	2670.0	6	2
2379.0	2426.0	1	2
2127.0	2398.0	5	2
1873.0	3086.0	2	3
1497.0	3367.0	40	2
1513.0	2353.0	2	2
2713.0	1747.0	11	2
1827.0	3344.0	3	3
2041.0	1750.0	6	2
2183.0	2442.0	24	2
3253.0	587.0	118	2
3523.0	2576.0	118	2
1209.0	3154.0	3	1
2407.0	2414.0	1	2
1817.0	1942.0	5	2
3231.0	1015.0	22	2
3255.0	2680.0	1	2
1725.0	2141.0	1	2
2247.0	2628.0	1	2
3065.0	1219.0	2	2
3749.0	413.0	1	2
3475.0	490.0	1	2
3879.0	1842.0	22	2
1213.0	2296.0	2	2
3695.0	816.0	1	2
1213.0	2296.0	2	2
2625.0	2860.0	22	2
4375.0	1702.0	13	2
1761.0	2633.0	34	2
2247.0	2753.0	22	2
2199.0	3413.0	29	2
2069.0	3401.0	29	2
3693.0	2100.0	39	2
2547.0	2514.0	1	2
2781.0	2195.0	1	2
2415.0	2835.0	22	2
1993.0	2683.0	2	3
2069.0	1669.0	27	2
1567.0	2906.0	22	2
681.0	3182.0	2	2
3803.0	521.0	2	3
3125.0	906.0	131	0
2173.0	3445.0	4	2
3461.0	1835.0	5	3
2229.0	3131.0	5	2
2249.0	3138.0	5	2
3177.0	1672.0	2	3
2279.0	3164.0	4	2
3871.0	2220.0	2	2
1751.0	3497.0	2	3
2287.0	3242.0	4	2
2131.0	3438.0	4	2
3851.0	644.0	27	2
3139.0	2129.0	17	2
2685.0	2880.0	33	2
2319.0	2503.0	5	2
2101.0	3313.0	11	2
3889.0	582.0	2	2
3383.0	1149.0	29	2
3285.0	779.0	1	2
3753.0	623.0	27	2
1533.0	2402.0	47	2
3333.0	1114.0	1	2
2559.0	2807.0	5	2
1963.0	1748.0	5	2
3719.0	2069.0	5	2
2535.0	3063.0	33	2
2893.0	525.0	3	0
3669.0	2310.0	33	2
3581.0	1360.0	1	2
3891.0	650.0	27	2
3441.0	1967.0	3	2
4085.0	2230.0	10	3
2669.0	2887.0	33	2
1301.0	2210.0	29	2
2209.0	3310.0	11	2
2907.0	2323.0	40	2
3585.0	2346.0	33	2
2925.0	2763.0	33	2
3791.0	413.0	6	2
2751.0	2951.0	1	2
1905.0	2721.0	1	2
1409.0	2035.0	1	2
3383.0	1151.0	3	3
3299.0	1237.0	1	2
3673.0	1720.0	1	2
731.0	3184.0	1	2
3893.0	450.0	27	2
1747.0	3238.0	1	3
4155.0	1670.0	3	2
4239.0	1502.0	3	2
3547.0	642.0	30	2
3647.0	1105.0	2	2
3921.0	1617.0	12	2
3019.0	565.0	2	3
3005.0	667.0	23	2
3585.0	2015.0	6	2
2729.0	2624.0	1	2
2917.0	2767.0	33	2
2483.0	2931.0	1	2
2831.0	1665.0	23	2
2375.0	1509.0	129	2
2077.0	3490.0	34	2
3311.0	2505.0	12	2
2221.0	2239.0	6	2
1885.0	2398.0	1	2
2911.0	2780.0	1	2
3005.0	667.0	23	2
2361.0	2375.0	39	2
2403.0	2846.0	4	2
3211.0	2522.0	7	2
2923.0	2746.0	33	2
4257.0	1748.0	3	2
3429.0	2503.0	12	2
2331.0	2276.0	8	2
3043.0	562.0	2	2
2917.0	514.0	2	2
3839.0	1938.0	10	2
3107.0	1414.0	13	2
3395.0	363.0	1	2
3349.0	612.0	20	2
2407.0	2453.0	1	2
3139.0	1401.0	33	2
2667.0	1562.0	1	2
2847.0	1850.0	13	2
2099.0	1910.0	1	2
3749.0	1487.0	6	2
2865.0	1658.0	4	2
2261.0	3491.0	11	2
339.0	3329.0	1	2
3153.0	2410.0	7	2
3623.0	985.0	1	3
2535.0	2503.0	4	3
1697.0	2180.0	6	2
933.0	2419.0	2	2
3607.0	2129.0	3	2
2651.0	1895.0	23	2
3349.0	2526.0	1	2
4023.0	1769.0	1	2
1913.0	2180.0	2	3
949.0	2257.0	1	2
3153.0	2410.0	7	2
3921.0	738.0	29	2
837.0	2174.0	1	2
3431.0	582.0	5	2
3221.0	2323.0	12	2
3443.0	1451.0	1	3
2845.0	1574.0	3	2
2987.0	2885.0	30	2
2809.0	1125.0	118	2
2441.0	2412.0	1	2
2979.0	2346.0	9	0
2665.0	3090.0	1	2
2117.0	2071.0	34	2
1957.0	2171.0	34	2
1949.0	2157.0	34	2
3119.0	1735.0	29	2
1957.0	2171.0	34	2
1957.0	2171.0	34	2
1957.0	2171.0	34	2
3549.0	311.0	20	2
3689.0	1102.0	1	0
3231.0	694.0	20	3
719.0	3318.0	129	2
2067.0	2553.0	6	2
3677.0	626.0	27	2
2421.0	2563.0	129	2
2293.0	1984.0	6	2
2475.0	2156.0	6	2
2437.0	1947.0	6	2
1625.0	2215.0	7	2
2063.0	3464.0	11	2
1949.0	2157.0	34	2
2721.0	2682.0	1	2
1597.0	3490.0	27	2
3425.0	2310.0	12	2
1957.0	2171.0	34	2
1949.0	2157.0	34	2
3263.0	2242.0	15	2
3831.0	1686.0	9	0
3911.0	1003.0	2	2
1957.0	2171.0	34	2
1957.0	2171.0	34	2
1949.0	2157.0	34	1
1957.0	2171.0	34	2
1949.0	2157.0	34	1
1949.0	2157.0	34	2
3835.0	1407.0	3	2
4009.0	1098.0	20	2
1949.0	2157.0	34	1
1949.0	2157.0	34	0
1949.0	2157.0	34	2
1957.0	2171.0	34	1
1761.0	2076.0	6	2
2375.0	2556.0	40	2
2439.0	2237.0	1	2
3653.0	2442.0	4	0
3643.0	2405.0	4	0
3753.0	2252.0	4	0
3671.0	1940.0	2	2
3687.0	1908.0	1	3
3435.0	2524.0	18	2
1841.0	2195.0	1	2
3955.0	816.0	118	2
1575.0	1913.0	47	3
3399.0	2410.0	2	2
2593.0	2867.0	1	0
2109.0	2595.0	30	2
3889.0	2025.0	5	2
2655.0	1855.0	23	2
1363.0	2285.0	13	2
1707.0	3497.0	100	2
3143.0	406.0	5	2
3181.0	2571.0	1	2
4007.0	1130.0	20	2
1415.0	2819.0	45	2
1757.0	2626.0	34	2
3005.0	667.0	23	2
3183.0	548.0	22	3
3263.0	799.0	1	0
1693.0	2288.0	4	2
3469.0	95.0	2	2
2857.0	2516.0	9	2
3005.0	667.0	23	2
3005.0	667.0	23	2
2771.0	2633.0	33	2
3451.0	2268.0	12	2
675.0	3154.0	1	3
3131.0	1495.0	7	2
3325.0	901.0	14	2
3537.0	1679.0	7	3
3025.0	512.0	1	3
3753.0	762.0	2	0
3843.0	2103.0	3	3
2217.0	3162.0	2	2
2973.0	512.0	3	0
4271.0	1918.0	1	3
3081.0	978.0	2	2
1863.0	3182.0	1	3
3775.0	922.0	120	3
2061.0	1760.0	118	2
1499.0	2307.0	1	2
1141.0	3495.0	3	3
4011.0	1098.0	20	2
3449.0	1821.0	4	1
3379.0	485.0	1	2
1723.0	3024.0	1	3
3043.0	930.0	1	2
3347.0	891.0	4	2
2891.0	1607.0	15	2
2923.0	2770.0	33	2
2447.0	2388.0	39	2
2907.0	1704.0	174	2
3045.0	1084.0	3	2
1943.0	3437.0	100	2
3809.0	400.0	21	2
3447.0	2517.0	10	2
3441.0	2344.0	10	2
2891.0	1607.0	15	2
3119.0	1225.0	4	2
2277.0	2721.0	4	0
2421.0	2556.0	4	0
3453.0	1854.0	2	2
2993.0	652.0	23	2
3005.0	667.0	23	2
3435.0	2524.0	18	2
3435.0	2524.0	18	2
1815.0	3054.0	1	3
1105.0	2421.0	1	2
1383.0	2252.0	1	2
3273.0	1590.0	1	2
2191.0	3154.0	14	2
1561.0	2897.0	1	2
2487.0	1266.0	1	2
3139.0	681.0	6	2
3005.0	667.0	23	2
2077.0	3108.0	4	3
1495.0	3259.0	8	2
1917.0	2728.0	42	2
3795.0	823.0	1	2
3303.0	1792.0	7	3
3681.0	979.0	18	2
3847.0	1227.0	18	2
3787.0	1205.0	18	2
3693.0	986.0	18	2
3669.0	1003.0	18	2
3665.0	956.0	18	2
3847.0	1050.0	18	2
3843.0	1000.0	18	2
3641.0	1062.0	18	2
3553.0	749.0	4	2
3845.0	1122.0	18	2
3725.0	979.0	18	2
655.0	2222.0	3	1
3161.0	494.0	1	3
3721.0	949.0	4	3
3667.0	370.0	1	2
2957.0	1726.0	174	2
2689.0	1875.0	2	2
2077.0	3490.0	34	2
2113.0	1676.0	120	3
3681.0	2449.0	1	2
3479.0	73.0	45	2
1303.0	3158.0	1	0
2051.0	1658.0	3	2
3005.0	667.0	23	2
3165.0	1295.0	4	2
2185.0	1867.0	118	2
1441.0	2840.0	42	2
2617.0	2300.0	3	2
2459.0	2554.0	39	2
2295.0	2514.0	39	2
3165.0	1363.0	6	2
2797.0	2919.0	42	2
2791.0	2863.0	42	2
2977.0	1940.0	4	2
3535.0	1820.0	6	3
4127.0	766.0	1	0
4369.0	1969.0	1	0
3443.0	1027.0	22	2
3005.0	667.0	23	2
3841.0	1353.0	174	2
3833.0	1363.0	174	2
2977.0	1898.0	4	2
3671.0	1388.0	174	2
3655.0	1349.0	174	2
1727.0	2962.0	22	2
3313.0	1281.0	4	2
2055.0	1702.0	3	2
3813.0	1455.0	174	2
2543.0	2454.0	6	2
2549.0	2503.0	6	2
3363.0	940.0	1	2
3861.0	1414.0	174	2
3069.0	784.0	18	2
3069.0	784.0	18	2
3587.0	265.0	18	2
3587.0	265.0	18	2
3837.0	1234.0	174	2
3843.0	1205.0	174	2
3795.0	1439.0	174	2
1115.0	3264.0	174	2
3819.0	1173.0	174	2
3715.0	1419.0	174	2
3335.0	1977.0	6	3
3647.0	1173.0	174	2
3449.0	1774.0	7	3
3649.0	1439.0	174	2
537.0	3135.0	1	2
3173.0	392.0	129	2
3353.0	390.0	129	2
2947.0	582.0	129	2
2353.0	1293.0	38	2
2313.0	2807.0	42	3
2353.0	1293.0	38	2
2929.0	2778.0	38	2
2929.0	2778.0	38	2
2681.0	2842.0	38	2
2685.0	2829.0	38	2
2685.0	2829.0	38	2
2685.0	2829.0	38	2
2671.0	2804.0	38	2
2685.0	2829.0	38	2
2703.0	2829.0	38	2
2675.0	2816.0	38	2
2683.0	2816.0	38	2
2771.0	2633.0	33	2
2665.0	2829.0	38	2
2701.0	2829.0	38	2
2665.0	2829.0	38	2
2665.0	2829.0	38	2
2685.0	2829.0	38	2
2697.0	2829.0	38	2
2803.0	1932.0	23	2
2701.0	2829.0	38	2
2781.0	2426.0	9	2
3203.0	1249.0	6	2
2161.0	1509.0	8	2
3235.0	2045.0	2	2
3333.0	630.0	129	2
2781.0	2426.0	9	2
1321.0	2156.0	19	3
1835.0	2867.0	2	3
1523.0	2025.0	3	2
2781.0	2426.0	9	2
2781.0	2426.0	9	2
711.0	3191.0	1	3
2781.0	2426.0	9	2
2781.0	2426.0	9	2
2843.0	538.0	1	0
3471.0	974.0	4	2
3087.0	2008.0	5	2
3087.0	2008.0	5	2
2781.0	2426.0	9	2
4007.0	1057.0	20	2
1757.0	2626.0	34	2
1949.0	3122.0	29	2
1665.0	3140.0	29	2
1997.0	2750.0	29	2
3647.0	1237.0	29	2
2459.0	1186.0	29	2
2067.0	1662.0	29	2
3203.0	1249.0	6	2
2783.0	1363.0	1	3
3005.0	667.0	23	2
2781.0	2426.0	9	2
2583.0	3024.0	4	2
2993.0	1472.0	1	2
2821.0	1424.0	2	2
3087.0	2008.0	5	2
1935.0	3469.0	174	2
2705.0	3013.0	1	2
3431.0	740.0	9	2
1255.0	2181.0	36	2
2423.0	1403.0	2	3
3087.0	2008.0	5	2
4083.0	1030.0	1	1
1245.0	2212.0	36	2
1255.0	2184.0	36	2
1837.0	2736.0	3	2
1543.0	2498.0	1	3
2891.0	1083.0	1	3
3941.0	2132.0	38	2
1203.0	2052.0	174	2
2463.0	1821.0	3	3
1659.0	2507.0	1	2
2301.0	2412.0	6	2
3087.0	2008.0	5	2
3677.0	1403.0	174	2
3475.0	1439.0	1	2
3675.0	188.0	21	2
3279.0	1628.0	5	3
1245.0	2212.0	36	2
1245.0	2212.0	36	2
1245.0	2212.0	36	2
1255.0	2184.0	36	2
1255.0	2184.0	36	2
1255.0	2184.0	36	2
1255.0	2184.0	36	2
2933.0	2770.0	42	2
1413.0	2485.0	3	2
2745.0	2661.0	11	2
2371.0	3013.0	11	2
3157.0	1940.0	9	2
2793.0	1068.0	1	3
3267.0	891.0	1	3
2685.0	3101.0	2	3
3365.0	881.0	9	3
1709.0	3403.0	118	2
1479.0	2156.0	11	2
1401.0	2141.0	11	2
2005.0	3247.0	100	2
3027.0	708.0	1	3
2995.0	1271.0	2	2
3575.0	2541.0	7	0
2147.0	1543.0	1	2
3535.0	2054.0	6	3
3857.0	2307.0	3	0
3413.0	2671.0	12	2
1951.0	2137.0	13	3
461.0	2826.0	1	2
2951.0	594.0	6	2
3343.0	467.0	174	2
3513.0	740.0	6	2
3345.0	623.0	6	2
3427.0	1923.0	137	2
3613.0	2357.0	137	2
2631.0	3060.0	137	2
3611.0	760.0	129	2
2529.0	2507.0	137	2
2741.0	1991.0	137	2
2381.0	2368.0	137	2
1585.0	2061.0	137	2
2039.0	1998.0	137	2
3071.0	2290.0	137	2
2001.0	2249.0	137	2
1873.0	2147.0	137	2
1443.0	2314.0	137	2
1455.0	2071.0	137	2
1593.0	2096.0	137	2
1641.0	2269.0	137	2
2361.0	2235.0	137	2
1621.0	2196.0	174	2
1419.0	2575.0	174	2
3633.0	1100.0	174	2
1245.0	2212.0	36	2
2971.0	2332.0	39	2
1627.0	2302.0	137	2
3355.0	2332.0	137	2
2549.0	2571.0	137	2
1477.0	2327.0	137	2
3787.0	2280.0	137	2
2235.0	3215.0	2	3
2455.0	3003.0	7	2
2455.0	3003.0	14	2
2455.0	3003.0	7	2
2455.0	3003.0	7	2
2455.0	3003.0	7	2
2455.0	3003.0	7	2
2169.0	3301.0	15	2
3409.0	691.0	9	2
3335.0	1818.0	6	2
3347.0	1827.0	6	2
3337.0	1877.0	6	2
3341.0	2685.0	19	2
2959.0	1455.0	21	2
1281.0	2335.0	19	3
3625.0	472.0	1	0
2979.0	2402.0	39	2
3661.0	375.0	21	2
3819.0	336.0	21	2
3279.0	1256.0	34	2
3633.0	248.0	21	2
3627.0	234.0	21	2
3625.0	266.0	21	2
3161.0	2105.0	2	3
1991.0	3158.0	4	3
2455.0	2567.0	39	2
2941.0	1023.0	15	2
3381.0	618.0	22	2
2229.0	2256.0	39	2
4113.0	1607.0	100	2
3113.0	1098.0	15	2
3081.0	840.0	15	2
3419.0	2150.0	27	3
3067.0	842.0	15	2
3055.0	1091.0	15	2
3133.0	825.0	15	2
3123.0	922.0	15	3
1877.0	3060.0	15	2
1987.0	3054.0	15	2
3287.0	2514.0	5	2
2213.0	2454.0	23	1
2617.0	2300.0	3	2
3875.0	1557.0	1	2
4375.0	1462.0	47	2
2455.0	3003.0	14	2
3463.0	1918.0	3	3
3459.0	2215.0	19	3
3541.0	2249.0	19	3
3029.0	1763.0	33	2
3437.0	159.0	129	3
3481.0	2242.0	27	3
3511.0	2093.0	19	3
3427.0	2678.0	22	2
4017.0	1850.0	174	2
2613.0	2035.0	137	2
3549.0	22.0	137	2
3381.0	2510.0	1	2
3577.0	2334.0	27	3
2283.0	1365.0	1	2
3947.0	1788.0	20	2
3741.0	1706.0	20	2
1807.0	3393.0	29	2
2981.0	2266.0	22	2
1305.0	2076.0	3	2
3231.0	762.0	22	2
3371.0	611.0	2	2
949.0	3417.0	1	3
1663.0	2687.0	34	2
1059.0	2157.0	1	3
2723.0	3006.0	107	2
4023.0	1125.0	20	2
3307.0	1312.0	100	2
3701.0	950.0	4	3
2993.0	652.0	20	2
2993.0	652.0	20	2
3005.0	667.0	23	2
3369.0	1363.0	22	3
2305.0	2476.0	137	2
1447.0	2111.0	137	2
2447.0	1365.0	47	2
3375.0	1115.0	14	2
2315.0	2391.0	129	2
2727.0	2500.0	129	2
2993.0	652.0	20	2
2993.0	652.0	20	2
2083.0	2429.0	7	3
2687.0	2775.0	129	2
2415.0	1886.0	13	2
3493.0	1966.0	4	1
3187.0	582.0	1	0
1645.0	2753.0	34	2
2993.0	652.0	20	2
2993.0	652.0	20	2
2993.0	652.0	20	2
3563.0	2362.0	1	3
3663.0	545.0	1	2
1559.0	3486.0	5	2
2795.0	1861.0	23	2
2149.0	1711.0	5	2
2993.0	652.0	20	2
3443.0	740.0	9	2
3103.0	399.0	1	2
3217.0	1748.0	25	2
2179.0	1906.0	5	2
3133.0	333.0	15	2
3039.0	399.0	15	2
3299.0	2563.0	10	2
2993.0	652.0	20	2
3371.0	1709.0	47	2
3215.0	1699.0	47	2
3323.0	1594.0	47	2
731.0	2168.0	12	2
2993.0	652.0	20	2
1567.0	2621.0	1	2
3147.0	518.0	1	2
2071.0	3356.0	1	2
3245.0	1517.0	47	2
3297.0	1475.0	47	2
3235.0	1723.0	47	2
737.0	3235.0	67	3
3923.0	557.0	29	2
3563.0	477.0	29	2
2537.0	1947.0	29	2
4069.0	1504.0	1	2
3959.0	1729.0	29	2
2485.0	2829.0	29	2
3429.0	1682.0	47	2
3375.0	1468.0	47	2
3409.0	1735.0	47	2
2833.0	2807.0	29	2
1535.0	2929.0	29	2
2651.0	2916.0	29	2
3535.0	2558.0	3	2
3535.0	2558.0	3	2
3535.0	2558.0	3	2
2843.0	2235.0	27	2
3373.0	1475.0	47	2
2419.0	1363.0	8	2
3405.0	1531.0	47	3
2299.0	1645.0	8	2
3243.0	2161.0	100	2
2727.0	2775.0	1	2
2993.0	2312.0	29	2
921.0	3143.0	1	2
2959.0	2437.0	12	2
2959.0	2437.0	12	2
2959.0	2437.0	12	2
2235.0	2466.0	4	2
2959.0	2437.0	12	2
2959.0	2437.0	12	2
1367.0	3383.0	1	0
2601.0	2744.0	9	2
2743.0	2069.0	6	3
3305.0	1248.0	8	2
3303.0	1446.0	4	2
3005.0	667.0	23	2
3267.0	2120.0	8	2
3099.0	721.0	23	2
2975.0	2838.0	3	3
3059.0	2809.0	3	3
1425.0	2509.0	1	2
3513.0	1692.0	6	2
3155.0	740.0	1	2
3031.0	906.0	1	2
2373.0	1410.0	29	2
2447.0	1437.0	29	2
2353.0	1293.0	29	2
2445.0	1363.0	29	2
2225.0	3490.0	11	2
3067.0	947.0	1	2
2993.0	652.0	20	2
2993.0	652.0	20	2
2993.0	652.0	20	2
3969.0	1066.0	7	3
3689.0	1426.0	174	2
2563.0	2710.0	6	2
3577.0	655.0	1	3
3319.0	366.0	129	3
3817.0	1938.0	20	2
2373.0	2487.0	4	2
3129.0	1808.0	1	3
2947.0	2906.0	3	2
3345.0	1531.0	7	3
3387.0	1088.0	3	2
3345.0	1344.0	3	2
3379.0	1251.0	3	2
1899.0	3011.0	3	1
3123.0	397.0	1	1
2685.0	1271.0	47	3
3841.0	2264.0	2	3
2185.0	3196.0	5	2
2185.0	3196.0	5	2
2213.0	3213.0	5	2
3523.0	1833.0	6	2
3343.0	1845.0	6	2
3119.0	185.0	2	3
2563.0	1934.0	4	2
2853.0	1660.0	4	2
2179.0	1467.0	7	2
1983.0	3209.0	5	3
3133.0	925.0	15	2
2863.0	2717.0	1	2
2443.0	1733.0	4	2
2569.0	1882.0	4	2
2449.0	1643.0	3	2
2971.0	1370.0	4	2
2759.0	2348.0	1	1
2969.0	1110.0	4	2
2895.0	2071.0	27	2
1331.0	2269.0	1	3
1757.0	3393.0	2	3
3265.0	565.0	100	2
4107.0	1039.0	2	0
2363.0	1502.0	27	2
3263.0	1292.0	3	2
3157.0	1487.0	7	3
3241.0	1271.0	3	2
3083.0	1029.0	3	2
1387.0	2142.0	137	2
1339.0	3088.0	6	2
2465.0	1407.0	33	2
2449.0	1993.0	18	2
1497.0	2551.0	8	2
1169.0	3491.0	2	1
1359.0	2616.0	1	2
2045.0	2785.0	3	1
2949.0	2214.0	27	2
2549.0	2983.0	1	2
2579.0	3088.0	39	2
2633.0	2609.0	7	2
3087.0	762.0	20	2
1883.0	2783.0	10	2
2649.0	2034.0	7	2
2837.0	1943.0	7	2
2717.0	2375.0	7	2
2677.0	2327.0	7	2
2967.0	2419.0	39	2
1627.0	2495.0	39	2
2839.0	1943.0	7	2
2671.0	1910.0	7	2
2649.0	2040.0	7	2
1573.0	3367.0	2	2
2579.0	3088.0	39	2
3457.0	1770.0	7	3
2087.0	2963.0	10	2
2059.0	3023.0	10	2
3297.0	2191.0	12	2
3647.0	361.0	21	2
2601.0	1375.0	7	2
3083.0	514.0	17	2
3477.0	1183.0	12	3
3405.0	1738.0	6	3
2989.0	552.0	20	2
3939.0	541.0	1	1
3397.0	646.0	39	2
2331.0	1592.0	1	3
3055.0	612.0	4	3
3437.0	742.0	9	2
1901.0	3330.0	4	3
3553.0	1735.0	1	2
3133.0	1439.0	7	3
2651.0	1617.0	137	2
3125.0	407.0	1	1
1849.0	2323.0	137	2
1797.0	2122.0	137	2
1841.0	2335.0	137	2
1813.0	2103.0	137	2
1667.0	2159.0	137	2
1841.0	2105.0	137	2
1645.0	2147.0	137	2
1853.0	2342.0	137	2
1731.0	2115.0	137	2
2287.0	2556.0	1	3
2769.0	2911.0	12	3
1131.0	3391.0	1	3
3339.0	1682.0	1	2
3363.0	338.0	1	2
3005.0	667.0	23	2
2929.0	2317.0	12	2
2549.0	2838.0	6	2
1875.0	2184.0	137	2
1793.0	2098.0	137	2
1879.0	2123.0	137	2
2647.0	2195.0	1	3
2863.0	1433.0	137	2
3025.0	1570.0	137	2
2937.0	1611.0	137	2
3391.0	1341.0	1	3
3133.0	908.0	18	2
3651.0	2101.0	39	2
1359.0	3060.0	174	2
1827.0	2757.0	39	2
1321.0	2029.0	30	2
3267.0	2120.0	8	2
3267.0	2120.0	8	2
3109.0	1104.0	131	2
1931.0	2125.0	3	2
3643.0	2429.0	2	3
1685.0	2390.0	137	2
1797.0	2208.0	1	2
1959.0	2003.0	1	2
2435.0	2575.0	40	3
1355.0	2785.0	42	2
2159.0	1489.0	2	2
4187.0	1183.0	8	2
3237.0	2325.0	7	2
1721.0	3289.0	34	2
3075.0	528.0	3	2
2939.0	1952.0	27	2
3575.0	2341.0	1	2
1047.0	2768.0	4	1
3447.0	2291.0	1	1
1353.0	2904.0	42	2
3115.0	406.0	4	2
1909.0	3001.0	3	2
3541.0	671.0	9	3
1207.0	3174.0	9	2
3263.0	2200.0	40	2
3425.0	146.0	3	2
3361.0	173.0	3	2
3285.0	197.0	3	2
2283.0	1772.0	2	3
1791.0	2259.0	129	2
3461.0	2361.0	7	2
3905.0	384.0	1	1
2337.0	2319.0	2	2
3289.0	2509.0	18	2
1509.0	3415.0	1	1
2157.0	2230.0	1	2
3145.0	1689.0	3	2
1627.0	3155.0	1	1
1521.0	2132.0	3	2
2421.0	2079.0	2	2
2151.0	2590.0	2	2
3365.0	2355.0	4	2
2649.0	3038.0	11	2
1509.0	3211.0	118	2
2649.0	3038.0	11	2
2649.0	3038.0	11	2
2717.0	1619.0	2	3
4335.0	1827.0	18	2
3231.0	170.0	2	3
3845.0	911.0	1	3
3253.0	83.0	1	2
2615.0	2257.0	40	2
1037.0	3013.0	18	2
2291.0	3359.0	3	3
3441.0	713.0	18	2
3879.0	455.0	18	2
3145.0	268.0	2	1
3057.0	851.0	2	3
1543.0	2222.0	1	3
3441.0	1271.0	118	2
2173.0	3103.0	2	2
2671.0	2913.0	10	2
755.0	2802.0	2	3
2951.0	1526.0	118	2
3195.0	2278.0	7	2
3361.0	2317.0	7	2
3361.0	2317.0	7	2
3361.0	2317.0	7	2
3361.0	2317.0	7	2
2847.0	2858.0	42	2
3055.0	523.0	20	2
3655.0	1163.0	2	2
3271.0	1285.0	1	2
1369.0	1995.0	23	2
3609.0	185.0	1	3
3561.0	2357.0	27	3
1413.0	2929.0	33	2
1217.0	2201.0	4	2
1227.0	2441.0	4	2
1311.0	2466.0	4	2
1357.0	2244.0	4	2
3353.0	338.0	42	2
2317.0	1380.0	45	2
2363.0	1524.0	45	2
2483.0	1287.0	45	2
3069.0	2783.0	1	3
2441.0	1419.0	29	2
3235.0	1767.0	118	2
2417.0	2835.0	19	2
3547.0	1268.0	1	3
3633.0	525.0	1	3
3757.0	548.0	1	2
2913.0	2310.0	27	2
2913.0	2310.0	27	2
1001.0	2972.0	1	3
2383.0	1375.0	8	2
2913.0	2310.0	27	2
3361.0	2317.0	7	2
2387.0	1356.0	8	2
2093.0	1643.0	12	2
2009.0	1650.0	12	2
3005.0	1424.0	3	3
1481.0	1974.0	5	3
1413.0	2710.0	1	3
3215.0	2356.0	4	2
2901.0	2341.0	27	3
2503.0	1519.0	45	2
2031.0	3113.0	28	1
3125.0	2239.0	12	2
3849.0	2069.0	1	2
1903.0	2653.0	13	3
3859.0	1022.0	7	3
2219.0	2113.0	6	2
389.0	3079.0	9	2
3299.0	2327.0	6	2
2501.0	2856.0	6	2
3249.0	612.0	3	2
1901.0	2665.0	13	3
1917.0	2626.0	13	3
2165.0	1791.0	6	2
1807.0	2653.0	13	3
2551.0	3050.0	6	2
3267.0	1758.0	6	2
1813.0	2660.0	13	3
1901.0	2424.0	13	3
3747.0	1872.0	6	2
1827.0	2422.0	13	3
2499.0	1437.0	45	2
1539.0	2794.0	42	2
1737.0	2962.0	42	2
3499.0	2.0	137	2
2031.0	3289.0	28	1
2467.0	2650.0	39	2
3255.0	2314.0	6	2
3179.0	2344.0	6	2
3085.0	2142.0	6	2
3073.0	2307.0	6	2
3149.0	552.0	129	3
491.0	2741.0	11	2
489.0	2735.0	11	2
3163.0	1724.0	2	2
491.0	2728.0	11	2
3197.0	547.0	4	2
3305.0	653.0	4	2
3017.0	507.0	2	2
2993.0	1236.0	1	3
2581.0	2856.0	3	2
2581.0	2856.0	3	2
2581.0	2856.0	3	2
3223.0	1397.0	4	2
1681.0	3052.0	42	2
1739.0	2874.0	42	2
3305.0	653.0	4	2
3489.0	1816.0	1	2
1783.0	2585.0	13	3
2153.0	3256.0	5	2
2411.0	2561.0	5	2
3509.0	2212.0	27	3
1771.0	2804.0	5	2
3153.0	1392.0	62	2
3107.0	477.0	10	2
1747.0	2904.0	42	2
2119.0	2614.0	6	2
2987.0	2424.0	39	2
3061.0	2631.0	1	3
1933.0	2178.0	6	2
2957.0	1628.0	1	2
3903.0	1363.0	5	3
2469.0	1952.0	22	2
1363.0	2536.0	1	3
3545.0	1711.0	4	2
3545.0	1711.0	4	2
3545.0	1711.0	4	2
2233.0	2637.0	1	2
3595.0	1649.0	6	2
3559.0	1716.0	6	2
2123.0	2469.0	100	2
3413.0	1915.0	5	3
3707.0	277.0	1	2
447.0	3393.0	1	2
2743.0	2673.0	6	2
3545.0	1711.0	6	2
3545.0	1711.0	6	2
2153.0	2371.0	3	1
3545.0	1711.0	6	2
3545.0	1711.0	6	2
2041.0	1920.0	7	3
523.0	2842.0	11	2
545.0	2619.0	11	2
489.0	2735.0	11	2
4107.0	1329.0	1	3
489.0	2738.0	11	2
3081.0	1731.0	1	2
2137.0	1896.0	4	3
489.0	2735.0	11	2
4121.0	970.0	1	3
2179.0	3237.0	10	2
3001.0	1756.0	2	2
3005.0	1966.0	2	2
2197.0	3425.0	10	2
2191.0	3440.0	10	2
3621.0	2105.0	1	1
3477.0	1190.0	3	2
4011.0	2008.0	2	1
2237.0	3184.0	10	2
2079.0	2405.0	30	3
2747.0	1271.0	22	2
3081.0	176.0	22	2
2281.0	1535.0	8	2
2199.0	3208.0	10	2
2155.0	2366.0	6	2
1417.0	2487.0	1	2
3185.0	1536.0	2	3
3775.0	1843.0	2	1
1859.0	2168.0	137	2
2455.0	3074.0	3	2
2407.0	2643.0	3	2
2653.0	2956.0	4	2
2357.0	1368.0	1	2
2825.0	3077.0	3	2
1475.0	2602.0	1	2
2291.0	2578.0	10	2
2329.0	2476.0	10	2
3663.0	789.0	3	1
3219.0	2123.0	2	3
3339.0	1906.0	2	3
1663.0	3423.0	67	3
2925.0	538.0	1	3
2111.0	3084.0	67	3
3569.0	972.0	2	2
1871.0	3084.0	28	0
2457.0	1423.0	35	2
2375.0	2826.0	42	3
1833.0	3417.0	42	3
1155.0	2885.0	4	1
1601.0	3048.0	42	2
2447.0	1244.0	35	2
1983.0	3318.0	67	3
2809.0	2407.0	35	2
1861.0	3393.0	2	1
3363.0	1176.0	4	2
3357.0	1465.0	4	2
1769.0	2237.0	40	2
1717.0	2232.0	40	2
2261.0	1410.0	35	2
3335.0	1428.0	4	2
3381.0	1456.0	4	2
2453.0	1611.0	1	2
1827.0	3154.0	67	3
2003.0	3393.0	1	2
1877.0	2983.0	22	2
3991.0	949.0	7	3
2709.0	1970.0	3	2
1865.0	1830.0	7	2
1841.0	1835.0	7	2
1761.0	3456.0	2	1
1387.0	3267.0	5	2
3139.0	2690.0	22	3
2035.0	2139.0	3	2
1597.0	3043.0	2	2
1577.0	3276.0	2	2
2975.0	2074.0	5	2
3095.0	1923.0	174	2
3441.0	2125.0	1	2
403.0	3490.0	67	3
3467.0	1081.0	2	1
2031.0	2103.0	34	1
3765.0	2035.0	3	3
3849.0	329.0	100	2
3529.0	1729.0	1	1
2181.0	3449.0	1	2
1459.0	2602.0	1	1
1787.0	2842.0	123	3
2147.0	2581.0	1	3
1535.0	2339.0	1	2
937.0	2388.0	1	2
3021.0	2485.0	129	2
3477.0	1801.0	20	2
3393.0	1845.0	20	2
3349.0	1784.0	20	2
3345.0	1767.0	20	2
3351.0	1607.0	20	2
3353.0	1574.0	20	2
1825.0	2633.0	2	3
3467.0	1850.0	20	2
3525.0	1740.0	20	2
3385.0	1804.0	20	2
3361.0	1783.0	20	2
1827.0	3383.0	67	3
2395.0	1480.0	3	2
3449.0	1682.0	6	2
3449.0	1682.0	6	2
3449.0	1682.0	6	2
1529.0	2924.0	1	2
3449.0	1682.0	6	2
2989.0	1188.0	1	3
791.0	2802.0	2	3
2193.0	3411.0	10	2
2167.0	3365.0	10	2
3481.0	1027.0	2	2
2291.0	3363.0	123	3
3611.0	640.0	47	2
3383.0	1521.0	5	2
2493.0	1720.0	3	2
2493.0	1720.0	3	2
2493.0	1720.0	3	2
1395.0	3497.0	2	2
3485.0	837.0	2	2
2123.0	1770.0	3	2
3019.0	2707.0	1	2
2929.0	1767.0	2	1
3079.0	2003.0	4	2
3389.0	644.0	19	3
3191.0	604.0	19	2
3079.0	2003.0	4	2
3357.0	1597.0	20	2
707.0	3452.0	1	1
2041.0	2633.0	3	2
3079.0	2003.0	4	2
3079.0	2003.0	4	2
2237.0	2648.0	3	2
1967.0	2748.0	3	2
4005.0	898.0	1	2
3333.0	1120.0	4	2
2869.0	2897.0	37	2
3435.0	1328.0	4	3
3391.0	1830.0	20	2
3479.0	1604.0	20	2
3335.0	1763.0	20	2
3137.0	2357.0	12	2
3511.0	1760.0	20	2
967.0	3202.0	17	3
2299.0	2913.0	37	3
1595.0	3048.0	1	1
2603.0	1444.0	1	2
3331.0	1815.0	20	2
3523.0	1655.0	20	2
2997.0	2248.0	5	2
3805.0	2110.0	1	2
3469.0	2227.0	1	1
3221.0	304.0	1	1
3363.0	1788.0	20	2
3817.0	776.0	20	3
2277.0	3369.0	1	3
3289.0	2147.0	22	2
2893.0	2025.0	24	2
2939.0	565.0	23	2
1975.0	2855.0	2	3
3111.0	788.0	20	2
3565.0	1524.0	1	2
2391.0	1935.0	22	2
2309.0	1788.0	9	2
2309.0	1788.0	9	2
2221.0	1754.0	9	2
2309.0	1788.0	9	2
3615.0	1906.0	3	0
3483.0	1706.0	3	3
2543.0	1893.0	4	2
2353.0	1942.0	4	2
2489.0	1927.0	4	2
2319.0	1938.0	4	2
3203.0	1548.0	1	3
2937.0	370.0	2	3
1967.0	3308.0	2	2
2095.0	2623.0	1	3
3301.0	2426.0	12	2
2321.0	2631.0	40	2
3167.0	1232.0	22	2
2471.0	2560.0	40	2
1999.0	3155.0	2	2
2687.0	2938.0	1	2
3887.0	543.0	2	3
2393.0	2856.0	22	3
2539.0	2802.0	22	3
2813.0	1982.0	3	1
1867.0	2989.0	2	3
3243.0	1631.0	6	2
2309.0	2319.0	6	2
2619.0	1820.0	6	2
2653.0	3052.0	11	2
2653.0	3052.0	11	2
2653.0	3052.0	11	2
2653.0	3052.0	11	2
3319.0	1650.0	20	2
2067.0	1580.0	67	3
3469.0	1594.0	20	2
2051.0	1682.0	67	3
2875.0	2780.0	20	3
2407.0	2062.0	3	3
3377.0	1580.0	20	2
3499.0	1831.0	20	2
3537.0	1655.0	20	2
3835.0	538.0	5	3
3209.0	423.0	19	2
3415.0	903.0	5	2
3563.0	976.0	5	2
2583.0	1524.0	6	2
3553.0	971.0	5	2
3393.0	871.0	5	2
3399.0	645.0	19	2
2055.0	2210.0	34	1
2633.0	2609.0	7	2
2773.0	2208.0	5	2
1629.0	3308.0	1	3
2459.0	2558.0	40	2
2093.0	3383.0	1	3
3783.0	1888.0	1	3
3485.0	2004.0	3	3
3511.0	1597.0	20	2
3407.0	1808.0	20	2
3361.0	1825.0	20	2
1787.0	1949.0	6	2
3531.0	1776.0	20	2
1943.0	3202.0	3	2
3513.0	1649.0	20	2
3343.0	1669.0	20	2
3337.0	1828.0	20	2
3519.0	1617.0	20	2
3475.0	1577.0	20	2
3587.0	2312.0	27	3
3431.0	1984.0	3	0
3357.0	1808.0	20	2
3327.0	532.0	174	2
427.0	3082.0	1	3
3369.0	1497.0	1	3
3369.0	1200.0	1	3
2801.0	2955.0	6	2
3171.0	2489.0	34	1
1909.0	3461.0	5	2
1369.0	3267.0	6	2
3789.0	1696.0	11	3
2407.0	2364.0	40	2
2921.0	2305.0	27	2
2453.0	2385.0	39	2
1673.0	2264.0	10	2
1727.0	3172.0	22	3
3263.0	2302.0	5	1
2373.0	2422.0	8	2
2913.0	575.0	20	2
3455.0	779.0	22	2
3483.0	1173.0	22	2
2823.0	1899.0	5	3
2673.0	1804.0	5	3
2847.0	1862.0	5	3
2805.0	1642.0	5	3
4039.0	1292.0	2	3
3645.0	1341.0	22	3
1669.0	2368.0	4	2
2653.0	3052.0	11	2
1629.0	3237.0	10	2
1619.0	3154.0	10	2
1427.0	3063.0	10	2
1579.0	3338.0	10	2
1585.0	3264.0	10	2
1453.0	3315.0	10	2
1465.0	3281.0	10	2
1613.0	3125.0	10	2
1561.0	3288.0	10	2
1539.0	3070.0	10	2
3657.0	1428.0	174	2
2061.0	2409.0	39	3
2815.0	1672.0	11	2
2779.0	1741.0	1	3
1975.0	2174.0	40	3
3777.0	557.0	100	2
1127.0	2107.0	37	2
2549.0	3074.0	47	2
3323.0	2460.0	22	2
3467.0	2466.0	4	3
2591.0	2816.0	4	3
2563.0	1614.0	7	2
2041.0	3069.0	129	2
2697.0	1723.0	19	2
1203.0	2419.0	19	2
697.0	3427.0	123	2
1005.0	3301.0	2	3
3195.0	580.0	19	2
3009.0	244.0	6	2
2841.0	1638.0	11	2
2705.0	1489.0	11	2
3955.0	1750.0	123	2
1487.0	3295.0	19	2
3273.0	2305.0	12	2
3739.0	1789.0	123	2
3443.0	2237.0	12	2
3617.0	2334.0	4	1
1625.0	2509.0	1	2
3721.0	701.0	2	2
3907.0	708.0	2	2
2035.0	1689.0	67	2
1793.0	3138.0	67	2
2397.0	1628.0	2	3
4163.0	1636.0	19	2
3475.0	572.0	20	2
2741.0	1729.0	1	1
3541.0	281.0	174	2
3343.0	480.0	174	2
3385.0	548.0	174	2
3541.0	368.0	174	2
3365.0	518.0	174	2
3349.0	472.0	174	2
3499.0	535.0	174	2
3361.0	497.0	174	2
3347.0	280.0	174	2
3371.0	304.0	174	2
3509.0	270.0	174	2
3759.0	409.0	19	2
3105.0	2526.0	8	2
2919.0	2510.0	8	2
3097.0	2476.0	8	2
2931.0	2665.0	8	2
3085.0	2673.0	8	2
2913.0	2676.0	8	2
2985.0	2482.0	8	2
2337.0	2567.0	1	2
595.0	3413.0	3	1
4185.0	940.0	2	3
3463.0	2320.0	7	2
3231.0	1120.0	1	1
973.0	3008.0	3	1
451.0	3391.0	3	1
2949.0	2560.0	174	2
4275.0	1054.0	2	3
3533.0	2069.0	19	3
3445.0	1261.0	24	2
3413.0	1237.0	24	2
3535.0	1239.0	24	2
3385.0	532.0	8	2
3397.0	1509.0	24	2
4083.0	2261.0	39	3
3253.0	2195.0	7	2
3271.0	2218.0	7	2
3311.0	413.0	129	3
2615.0	3036.0	4	3
3389.0	2103.0	7	3
3659.0	569.0	4	2
3177.0	2252.0	18	2
3703.0	677.0	4	2
2047.0	2685.0	5	2
2195.0	2710.0	5	2
2063.0	2464.0	5	2
2539.0	2296.0	9	3
3075.0	1799.0	1	3
3847.0	1580.0	8	2
1091.0	2391.0	1	3
2111.0	3390.0	2	1
2849.0	1741.0	13	2
1777.0	2594.0	13	3
2603.0	1872.0	4	2
3335.0	1896.0	5	3
3021.0	2792.0	42	2
1909.0	2629.0	13	3
2359.0	2628.0	40	2
1735.0	2775.0	12	2
1735.0	2775.0	12	2
1735.0	2775.0	12	2
1735.0	2775.0	12	2
1735.0	2775.0	12	2
1735.0	2775.0	12	2
1843.0	2880.0	12	2
1735.0	2775.0	12	2
1735.0	2775.0	12	2
1735.0	2775.0	12	2
1735.0	2775.0	12	2
3327.0	1745.0	1	3
3319.0	825.0	129	2
1949.0	3374.0	4	3
2559.0	2882.0	7	2
1205.0	2415.0	5	3
1985.0	3383.0	2	2
3669.0	304.0	10	2
3349.0	751.0	174	2
3031.0	2643.0	7	2
1777.0	1920.0	6	1
2949.0	2546.0	7	2
3011.0	2514.0	7	2
2961.0	2575.0	7	2
2953.0	2516.0	7	2
3597.0	2073.0	2	3
3123.0	2704.0	7	2
3839.0	557.0	10	2
2203.0	3308.0	123	2
1795.0	2894.0	123	2
2977.0	1456.0	21	2
891.0	2554.0	129	2
3209.0	612.0	22	2
3175.0	2086.0	6	2
3213.0	575.0	22	2
3197.0	626.0	9	3
3165.0	645.0	9	3
3307.0	370.0	9	3
3401.0	759.0	22	2
3355.0	808.0	22	2
3361.0	569.0	9	3
3359.0	463.0	9	3
3183.0	808.0	22	2
3361.0	816.0	22	2
3935.0	1716.0	123	2
3365.0	759.0	22	2
2105.0	2222.0	33	2
3593.0	1850.0	129	2
2007.0	2778.0	129	2
2655.0	2454.0	7	2
2281.0	3222.0	5	2
2281.0	3222.0	5	2
2281.0	3222.0	5	2
2281.0	3222.0	5	2
2281.0	3222.0	5	2
3439.0	735.0	129	2
2021.0	2521.0	22	2
2021.0	2521.0	22	2
3495.0	1709.0	22	2
1803.0	3179.0	1	2
2975.0	2424.0	39	2
2143.0	2846.0	3	2
2975.0	2424.0	39	2
2975.0	2424.0	39	2
2975.0	2424.0	39	2
2571.0	3082.0	39	2
2571.0	3082.0	39	2
2571.0	3082.0	39	2
3825.0	1604.0	22	2
3043.0	1553.0	62	3
3451.0	2375.0	10	2
3179.0	2295.0	7	2
3819.0	1346.0	22	2
3203.0	2273.0	7	2
3071.0	2492.0	39	2
2985.0	2422.0	39	2
3581.0	1263.0	10	3
2021.0	2521.0	22	2
2021.0	2521.0	22	2
2021.0	2521.0	22	2
2021.0	2521.0	22	2
2021.0	2521.0	22	2
2021.0	2521.0	22	2
3283.0	1278.0	200	3
3213.0	681.0	19	2
3929.0	1769.0	123	2
3191.0	603.0	19	2
3197.0	686.0	19	2
3201.0	796.0	19	2
3027.0	677.0	19	2
2703.0	2726.0	7	2
2709.0	2471.0	7	2
3055.0	1606.0	21	3
3807.0	979.0	1	1
2925.0	2565.0	39	2
2877.0	1711.0	3	2
3095.0	1622.0	3	2
3393.0	1835.0	8	3
1871.0	2487.0	4	2
1795.0	2537.0	4	2
1677.0	2539.0	4	2
1615.0	2896.0	6	3
3929.0	871.0	7	3
3227.0	1202.0	38	3
3541.0	718.0	107	2
3951.0	1745.0	123	2
3471.0	1635.0	5	3
3831.0	896.0	9	2
3017.0	2706.0	6	2
2237.0	1788.0	3	2
2897.0	1927.0	3	2
1437.0	3072.0	129	2
3227.0	1303.0	107	2
2897.0	1927.0	3	2
2897.0	1927.0	3	2
2921.0	2307.0	27	2
3137.0	891.0	19	2
3159.0	612.0	19	2
3207.0	660.0	19	2
2989.0	406.0	174	2
2657.0	3097.0	3	3
2383.0	2462.0	45	2
2491.0	1456.0	45	2
3205.0	864.0	10	2
3673.0	591.0	40	2
3267.0	266.0	1	1
4013.0	1166.0	9	3
3703.0	786.0	5	3
1943.0	2388.0	13	3
1753.0	2585.0	13	3
2979.0	2076.0	5	2
1857.0	2342.0	4	2
2061.0	3352.0	4	2
2279.0	2382.0	9	0
2805.0	2653.0	20	2
2287.0	1483.0	129	2
3405.0	147.0	34	1
1503.0	2743.0	30	2
2875.0	1441.0	21	2
2301.0	3086.0	5	2
3007.0	1677.0	21	2
3179.0	1407.0	1	0
3793.0	1923.0	123	2
3479.0	1008.0	3	3
2003.0	2621.0	5	2
3023.0	2514.0	39	2
3143.0	2581.0	39	2
2863.0	2098.0	6	3
3033.0	2531.0	39	2
1769.0	1927.0	6	1
2311.0	2441.0	129	2
3253.0	1487.0	1	2
3753.0	2100.0	1	3
3473.0	1920.0	8	3
1211.0	2667.0	1	2
3491.0	1763.0	7	3
1719.0	1815.0	6	1
3027.0	2422.0	39	2
3351.0	1825.0	8	3
3251.0	2225.0	1	2
3295.0	2567.0	10	2
1575.0	3295.0	19	2
3107.0	2536.0	6	2
3139.0	895.0	19	2
1753.0	2263.0	34	2
2947.0	2164.0	5	2
1859.0	1947.0	3	2
2543.0	2056.0	17	3
1899.0	2173.0	3	2
1411.0	2249.0	10	2
3221.0	738.0	19	2
807.0	2198.0	18	2
3225.0	1669.0	1	3
4325.0	1640.0	2	2
1777.0	1920.0	6	1
1981.0	3111.0	2	2
3371.0	499.0	39	2
3037.0	956.0	39	2
3773.0	718.0	5	1
3493.0	552.0	4	2
3263.0	302.0	100	2
3037.0	956.0	39	2
2003.0	3016.0	129	2
2207.0	2736.0	3	2
3605.0	2047.0	2	3
3159.0	2264.0	10	2
423.0	2650.0	17	3
3335.0	2040.0	10	2
3185.0	2314.0	10	2
3373.0	2073.0	6	3
3115.0	2061.0	10	2
3311.0	2286.0	10	2
3327.0	2307.0	10	2
3223.0	830.0	19	2
3327.0	2129.0	10	2
1475.0	2802.0	100	2
2227.0	2458.0	5	2
2393.0	2244.0	29	2
1573.0	3116.0	1	3
1031.0	2851.0	1	3
3041.0	2393.0	1	2
2427.0	3013.0	22	3
2055.0	3048.0	1	3
1649.0	2149.0	6	2
3627.0	2216.0	137	2
2939.0	2602.0	42	2
3199.0	423.0	4	3
3579.0	37.0	9	2
3217.0	1430.0	2	3
1947.0	3084.0	5	2
2021.0	3358.0	174	2
2449.0	2590.0	40	2
1921.0	1888.0	7	3
3579.0	961.0	19	2
1525.0	3405.0	19	2
4087.0	1696.0	10	2
2103.0	3359.0	2	1
3037.0	956.0	39	2
3165.0	2108.0	12	2
3085.0	2526.0	1	3
3037.0	956.0	39	2
3037.0	956.0	39	2
3037.0	956.0	39	2
3281.0	2332.0	12	2
3155.0	2342.0	12	2
3293.0	2364.0	12	2
2301.0	2510.0	129	2
2453.0	2323.0	129	2
3201.0	548.0	8	2
2301.0	2516.0	129	2
1371.0	2050.0	1	3
2731.0	2522.0	24	2
3465.0	1180.0	3	3
1565.0	2921.0	100	2
1581.0	2290.0	1	1
3539.0	1580.0	1	1
1399.0	3209.0	5	2
2589.0	2439.0	2	2
2403.0	2941.0	2	2
3495.0	1783.0	20	3
2481.0	2441.0	2	2
1901.0	2105.0	34	2
3309.0	1020.0	129	2
3111.0	2357.0	12	2
3133.0	2378.0	12	2
1549.0	2842.0	42	2
2315.0	3090.0	39	2
2321.0	2919.0	39	2
3183.0	2503.0	4	2
2495.0	2889.0	39	2
1513.0	2402.0	5	2
3349.0	612.0	3	2
3011.0	1942.0	107	2
3557.0	1585.0	174	2
1137.0	2362.0	174	2
3701.0	1436.0	174	2
3023.0	2892.0	10	2
3137.0	1433.0	1	3
1985.0	1763.0	3	2
2931.0	2184.0	3	2
1443.0	2884.0	15	1
1995.0	2840.0	1	2
2489.0	1349.0	45	2
2317.0	2067.0	3	2
2651.0	1916.0	6	2
3109.0	783.0	20	2
3273.0	1292.0	3	2
2909.0	592.0	23	2
3087.0	704.0	23	2
3643.0	1236.0	174	2
3655.0	1202.0	174	2
3811.0	1077.0	174	2
3825.0	1130.0	174	2
3693.0	1037.0	174	2
1649.0	3445.0	1	2
2499.0	1656.0	4	2
3777.0	532.0	2	1
3057.0	2319.0	7	2
3371.0	2134.0	7	2
3239.0	2136.0	7	2
3687.0	1231.0	174	2
2435.0	2171.0	129	2
3209.0	2334.0	7	2
3239.0	2344.0	7	2
1217.0	3427.0	1	3
3795.0	1248.0	2	2
3041.0	1947.0	174	2
3423.0	1870.0	174	2
2503.0	2979.0	6	2
2603.0	2617.0	12	3
2643.0	2436.0	12	3
2883.0	565.0	62	3
2483.0	2332.0	42	2
2295.0	3322.0	1	2
3315.0	2605.0	26	2
2811.0	2002.0	4	2
3429.0	302.0	26	2
3565.0	85.0	20	2
3003.0	2635.0	2	2
2839.0	2551.0	4	2
2971.0	2889.0	2	2
3527.0	2430.0	9	2
3533.0	2422.0	9	2
3523.0	2507.0	9	2
1277.0	2617.0	1	2
2815.0	2635.0	107	2
2815.0	2196.0	4	2
2807.0	2064.0	4	2
3699.0	1309.0	174	2
3691.0	1290.0	174	2
3633.0	1109.0	174	2
3695.0	1034.0	174	2
3651.0	1293.0	174	2
2369.0	1283.0	129	2
3811.0	1081.0	174	2
2261.0	1468.0	3	2
2269.0	1628.0	3	2
2715.0	2994.0	6	2
2251.0	1421.0	3	2
3119.0	512.0	19	2
2715.0	2994.0	6	2
2715.0	2994.0	6	2
4215.0	1144.0	2	2
1481.0	3149.0	45	3
597.0	2877.0	25	3
3173.0	331.0	21	2
3523.0	2385.0	9	2
2827.0	1995.0	13	2
3725.0	1622.0	62	2
3209.0	1120.0	19	3
3257.0	2327.0	4	2
2143.0	3019.0	26	2
1761.0	1934.0	6	2
1729.0	1935.0	6	2
1599.0	2201.0	6	2
1983.0	3238.0	26	2
417.0	3269.0	2	2
1761.0	2714.0	3	3
3043.0	2066.0	12	2
2233.0	3279.0	11	2
2289.0	2496.0	1	2
3387.0	901.0	14	1
2639.0	2168.0	4	1
3677.0	1032.0	174	2
3183.0	2040.0	10	2
2665.0	2419.0	4	1
2763.0	1989.0	13	2
3325.0	2278.0	10	2
2957.0	2191.0	4	3
3275.0	874.0	19	3
3835.0	1312.0	174	2
1639.0	2424.0	3	3
3013.0	2658.0	26	2
3115.0	565.0	107	1
1561.0	3335.0	26	2
2909.0	1993.0	5	2
2497.0	3079.0	39	2
3097.0	2785.0	6	2
3159.0	2704.0	6	2
3087.0	2750.0	6	2
2013.0	2029.0	34	1
2461.0	2924.0	75	2
1935.0	3154.0	67	3
1997.0	2266.0	34	2
2041.0	1660.0	67	3
2965.0	2462.0	8	2
4045.0	606.0	9	3
3827.0	1276.0	174	2
1979.0	2816.0	3	2
2689.0	2529.0	4	2
2689.0	2529.0	4	2
2689.0	2529.0	4	2
2253.0	2528.0	3	2
2847.0	1818.0	24	2
2157.0	2660.0	3	2
2231.0	1788.0	3	2
2231.0	1788.0	3	2
2979.0	2076.0	5	2
2139.0	2096.0	3	2
1161.0	2346.0	200	3
2479.0	2692.0	4	2
2479.0	2692.0	4	2
2479.0	2692.0	4	2
2479.0	2692.0	4	2
3529.0	1631.0	1	3
2109.0	3060.0	3	3
3031.0	1460.0	2	2
1309.0	2280.0	6	2
2023.0	2223.0	7	2
1259.0	2462.0	6	2
3033.0	244.0	30	2
1273.0	2476.0	6	2
1117.0	2453.0	6	2
1317.0	2473.0	6	2
3903.0	1714.0	7	2
2941.0	2015.0	1	1
2985.0	2736.0	5	2
1887.0	2067.0	7	2
3647.0	1141.0	174	2
3803.0	1321.0	174	2
1901.0	2273.0	7	2
1905.0	2286.0	7	2
1855.0	2149.0	24	2
2015.0	2249.0	7	2
3389.0	1881.0	1	2
2035.0	2054.0	7	2
2055.0	2302.0	7	2
3825.0	1276.0	174	2
1607.0	2816.0	42	2
1747.0	2829.0	42	2
1815.0	1801.0	6	1
1783.0	2605.0	1	3
3231.0	2485.0	3	3
3227.0	2628.0	100	2
1713.0	2442.0	1	2
3719.0	553.0	10	2
565.0	2680.0	17	3
1949.0	2974.0	1	3
2033.0	2943.0	1	3
403.0	2648.0	17	3
1773.0	2478.0	30	2
1781.0	2483.0	30	2
1707.0	2736.0	30	2
1717.0	2489.0	30	2
1735.0	2731.0	30	2
1903.0	2733.0	30	2
2755.0	2994.0	30	2
2315.0	2517.0	3	1
671.0	3247.0	2	3
3563.0	1439.0	5	2
4239.0	1825.0	5	2
3499.0	815.0	129	2
3065.0	692.0	22	3
3095.0	2446.0	2	2
3537.0	1234.0	25	2
3487.0	1920.0	19	3
2421.0	2880.0	14	2
1757.0	2853.0	42	2
2529.0	2668.0	3	2
2529.0	2668.0	3	2
3169.0	1462.0	200	3
767.0	2403.0	200	3
445.0	2972.0	47	2
2905.0	3052.0	6	2
789.0	2123.0	200	3
2979.0	2076.0	5	2
2441.0	1205.0	25	1
2573.0	1597.0	7	2
2279.0	1380.0	25	1
2443.0	1478.0	25	1
2299.0	1402.0	25	1
2877.0	2210.0	5	2
2497.0	1882.0	19	2
3087.0	239.0	45	2
2527.0	2273.0	3	2
1469.0	1974.0	2	3
3133.0	326.0	1	3
2529.0	2668.0	3	2
1315.0	2421.0	6	2
2337.0	2473.0	2	1
1753.0	3023.0	42	2
1735.0	2981.0	42	2
1739.0	2842.0	42	2
3183.0	1763.0	5	1
3109.0	639.0	107	1
1753.0	3230.0	129	2
3051.0	1767.0	5	1
889.0	3432.0	20	2
3349.0	126.0	34	1
1577.0	2833.0	42	2
1757.0	2877.0	42	2
955.0	3329.0	11	2
1639.0	3327.0	9	2
1483.0	2795.0	100	2
1501.0	2750.0	6	3
431.0	3277.0	2	2
2021.0	2521.0	22	2
3819.0	1075.0	174	2
3837.0	1202.0	174	2
3835.0	1100.0	174	2
3823.0	1057.0	174	2
3655.0	1120.0	174	2
3829.0	1091.0	174	2
3701.0	1293.0	174	2
2979.0	2200.0	23	3
2739.0	1572.0	7	2
2615.0	1590.0	7	2
2961.0	2164.0	23	3
3005.0	2357.0	23	3
2541.0	2225.0	1	2
657.0	2546.0	6	2
827.0	2548.0	6	2
845.0	2522.0	6	2
851.0	2599.0	6	2
857.0	2750.0	6	2
663.0	2743.0	4	2
2829.0	2252.0	23	3
849.0	2687.0	4	2
843.0	2531.0	4	2
677.0	2462.0	4	2
2095.0	3295.0	4	2
2095.0	3295.0	4	2
2999.0	2249.0	23	3
2095.0	3295.0	4	2
2095.0	3295.0	4	2
2193.0	2412.0	44	2
3177.0	1482.0	5	1
4037.0	861.0	4	3
2971.0	2330.0	174	2
4059.0	674.0	4	3
813.0	2184.0	200	3
3019.0	2022.0	3	3
2837.0	2234.0	27	2
477.0	2554.0	22	3
1741.0	2955.0	3	2
3075.0	587.0	1	1
3455.0	1052.0	118	2
2763.0	1670.0	29	3
3047.0	1714.0	5	1
2713.0	3106.0	9	3
3189.0	1521.0	5	1
3173.0	786.0	3	3
3439.0	726.0	9	3
3859.0	2196.0	44	2
3003.0	2198.0	23	3
691.0	2446.0	3	3
2861.0	2441.0	23	3
3859.0	2196.0	44	2
3817.0	2178.0	44	2
2829.0	2216.0	23	3
2997.0	2161.0	23	3
3817.0	2178.0	44	2
3817.0	2178.0	44	2
1457.0	3308.0	118	2
4229.0	2159.0	2	3
2941.0	2162.0	27	2
2993.0	2195.0	27	2
2975.0	2390.0	23	3
2833.0	1748.0	26	2
3617.0	1706.0	3	3
2827.0	2357.0	23	3
3857.0	395.0	27	2
4391.0	1908.0	17	2
4345.0	1879.0	17	2
3013.0	2252.0	23	3
4347.0	1674.0	17	3
2801.0	2249.0	23	3
2965.0	2415.0	23	3
2865.0	2168.0	23	3
1839.0	2003.0	4	2
1999.0	1731.0	4	2
1995.0	1789.0	4	2
2857.0	2191.0	23	3
2987.0	2371.0	23	3
2375.0	2157.0	8	2
2827.0	2736.0	6	2
2879.0	2858.0	42	2
1771.0	2487.0	2	2
3443.0	1281.0	3	2
1639.0	2824.0	3	2
2305.0	2790.0	10	2
1639.0	2824.0	3	2
1639.0	2824.0	3	2
3333.0	786.0	8	3
3321.0	2364.0	10	2
3461.0	2334.0	10	2
3427.0	2595.0	10	2
1733.0	2351.0	137	2
4345.0	1643.0	17	3
4233.0	1874.0	17	2
4179.0	1867.0	17	2
4181.0	1882.0	17	2
1385.0	3318.0	34	1
1501.0	2496.0	75	3
1307.0	3259.0	34	1
3441.0	1662.0	6	2
2331.0	2276.0	8	2
3419.0	859.0	129	2
1457.0	3365.0	20	3
3115.0	626.0	23	2
2931.0	521.0	23	2
1765.0	3150.0	3	2
3463.0	1003.0	6	2
2301.0	2380.0	41	2
2287.0	2516.0	41	2
3897.0	2280.0	41	2
2711.0	3019.0	6	2
3301.0	1258.0	4	2
3171.0	1492.0	4	2
3361.0	1256.0	4	2
3915.0	2263.0	41	2
3453.0	1006.0	6	2
3453.0	1006.0	6	2
3453.0	1006.0	6	2
3453.0	1006.0	6	2
2495.0	2391.0	30	2
1837.0	3396.0	67	3
2075.0	2123.0	45	2
2271.0	2275.0	45	2
2855.0	1166.0	3	2
2349.0	1468.0	25	1
3817.0	681.0	3	2
1605.0	2694.0	15	1
2177.0	3135.0	7	2
1409.0	2782.0	15	1
1467.0	2821.0	15	1
1921.0	3082.0	14	1
563.0	2855.0	1	1
3881.0	1339.0	2	0
3003.0	375.0	129	3
3689.0	1219.0	1	3
2781.0	1455.0	2	2
2261.0	3354.0	4	2
3301.0	532.0	1	3
2291.0	3137.0	4	2
1901.0	2563.0	100	2
1269.0	3164.0	1	1
3439.0	726.0	9	2
3795.0	706.0	3	1
3817.0	2178.0	41	2
1849.0	2663.0	1	3
3751.0	2059.0	41	2
2861.0	2648.0	25	2
3365.0	2673.0	25	2
3867.0	2082.0	41	2
2479.0	1995.0	2	2
3869.0	2082.0	41	2
2895.0	2050.0	4	2
2997.0	2225.0	4	2
3323.0	1970.0	6	2
3355.0	1923.0	6	2
3317.0	2132.0	6	2
3297.0	1977.0	6	2
3145.0	1947.0	6	2
3383.0	888.0	14	1
2965.0	2096.0	4	2
2641.0	2344.0	3	2
2965.0	2096.0	4	2
3321.0	766.0	14	1
2933.0	1531.0	3	2
3529.0	1180.0	37	3
3461.0	945.0	37	3
3453.0	1006.0	6	2
2439.0	2066.0	20	1
1155.0	2116.0	1	3
681.0	2704.0	123	3
2457.0	2003.0	25	2
1903.0	2571.0	25	2
2321.0	3003.0	25	2
2397.0	2858.0	25	2
2761.0	2817.0	25	2
2471.0	2252.0	25	2
2825.0	2646.0	25	2
2849.0	2707.0	25	2
3743.0	1689.0	123	2
2837.0	2829.0	25	2
1939.0	3264.0	34	3
3635.0	881.0	3	1
3627.0	1112.0	1	2
3545.0	1617.0	9	2
3201.0	1528.0	1	3
2925.0	1030.0	14	2
3505.0	361.0	3	2
2679.0	1927.0	1	3
4243.0	974.0	5	1
2933.0	1740.0	26	2
2989.0	2178.0	3	3
3605.0	872.0	6	3
2903.0	1515.0	13	2
2539.0	2536.0	100	0
2841.0	2950.0	2	2
2821.0	2917.0	2	2
2771.0	2526.0	3	2
3817.0	713.0	9	3
2679.0	2314.0	3	2
2335.0	1863.0	1	2
2919.0	1574.0	100	2
1883.0	2191.0	1	2
1797.0	1966.0	8	2
1345.0	3182.0	6	3
2053.0	2678.0	118	2
3847.0	1655.0	30	2
3295.0	2409.0	30	2
3459.0	2429.0	30	2
1747.0	2714.0	30	2
1587.0	2263.0	1	3
2031.0	2307.0	34	1
3351.0	648.0	1	3
3109.0	1410.0	13	2
2285.0	2726.0	3	1
1699.0	3111.0	100	2
2601.0	2680.0	29	2
3565.0	472.0	1	3
2651.0	1898.0	20	1
2619.0	2134.0	20	1
1497.0	2599.0	2	1
2161.0	3308.0	2	2
1559.0	3240.0	200	3
2189.0	2144.0	55	3
2597.0	2398.0	39	2
2407.0	2601.0	39	2
2579.0	2398.0	39	2
2137.0	3269.0	5	2
2307.0	2623.0	6	3
3439.0	908.0	20	2
3569.0	1136.0	20	2
3441.0	1112.0	30	2
2133.0	3376.0	30	2
2577.0	1551.0	30	2
2609.0	1574.0	30	2
3389.0	825.0	30	2
3663.0	2174.0	30	2
1955.0	2667.0	30	2
2821.0	1617.0	30	2
2483.0	2079.0	20	1
3345.0	2307.0	1	1
2175.0	3461.0	118	2
3637.0	2468.0	10	3
3693.0	181.0	21	2
1343.0	3279.0	1	3
1887.0	2948.0	129	2
3617.0	277.0	21	2
983.0	3149.0	39	3
3243.0	1222.0	2	3
3649.0	1231.0	1	3
2905.0	986.0	1	3
2297.0	1437.0	25	1
2451.0	1435.0	25	1
2435.0	1414.0	25	1
3817.0	713.0	9	3
901.0	3164.0	38	2
3149.0	450.0	2	3
3665.0	818.0	129	2
3575.0	865.0	3	3
2727.0	2344.0	2	2
2149.0	3461.0	118	2
2183.0	3440.0	118	2
2165.0	3478.0	118	2
2657.0	1686.0	1	3
3123.0	1057.0	1	3
3431.0	878.0	17	3
3579.0	794.0	45	2
3015.0	509.0	1	1
2069.0	2639.0	30	2
3165.0	2650.0	129	2
2177.0	3240.0	4	3
3017.0	2300.0	18	3
3391.0	1699.0	1	1
991.0	3120.0	1	2
467.0	3231.0	1	3
3269.0	2391.0	3	2
2019.0	3457.0	118	2
3589.0	731.0	118	2
2159.0	3476.0	118	2
1989.0	3442.0	118	2
3273.0	2476.0	2	1
2307.0	2623.0	6	3
1117.0	3036.0	3	1
1787.0	3089.0	1	0
3945.0	2076.0	1	1
3219.0	2578.0	129	2
3587.0	1735.0	2	1
3055.0	1636.0	1	1
3735.0	1813.0	1	2
1817.0	3116.0	28	2
2279.0	3369.0	42	2
1787.0	3101.0	28	2
1635.0	2901.0	28	2
1817.0	2894.0	28	2
1643.0	3128.0	28	2
1747.0	3179.0	28	2
1745.0	2911.0	28	2
1807.0	3110.0	28	2
1805.0	3067.0	28	2
1803.0	2909.0	28	2
539.0	3411.0	6	2
3201.0	1261.0	27	2
2119.0	2283.0	6	2
3547.0	1185.0	2	3
3301.0	244.0	7	2
3431.0	1006.0	200	3
1841.0	2884.0	20	2
1363.0	3196.0	100	2
3705.0	1375.0	2	0
1945.0	1830.0	118	2
2103.0	1624.0	118	2
2149.0	1879.0	118	2
2125.0	1597.0	118	2
2105.0	1650.0	118	2
3077.0	1669.0	2	3
1757.0	2626.0	2	2
3211.0	1202.0	1	1
4021.0	1733.0	9	1
3605.0	840.0	1	0
2143.0	1597.0	118	2
2129.0	1862.0	118	2
2131.0	1879.0	118	2
3237.0	1302.0	27	2
1435.0	3486.0	3	1
1375.0	3498.0	3	1
1393.0	3277.0	3	1
3361.0	2368.0	12	2
4073.0	920.0	12	3
3531.0	266.0	8	3
3389.0	258.0	8	3
3377.0	470.0	8	3
3009.0	911.0	1	2
3903.0	1375.0	34	1
3753.0	2042.0	1	1
2907.0	2296.0	23	3
2607.0	2528.0	1	3
2895.0	1797.0	12	1
2785.0	2809.0	4	2
565.0	3483.0	5	2
2163.0	3452.0	100	2
1963.0	2840.0	1	2
2887.0	2291.0	1	2
3705.0	562.0	27	2
3439.0	726.0	9	2
3017.0	957.0	1	3
1701.0	2753.0	34	2
2961.0	1684.0	12	1
1149.0	2936.0	29	2
3807.0	979.0	1	1
2733.0	1118.0	1	1
2797.0	1444.0	2	2
3143.0	2637.0	129	2
3311.0	1112.0	2	1
4181.0	1200.0	1	1
1957.0	3498.0	39	2
1697.0	3247.0	18	1
2147.0	2991.0	17	1
3367.0	467.0	8	3
2447.0	2361.0	40	3
813.0	3135.0	29	2
3495.0	1974.0	1	2
3413.0	1821.0	4	1
751.0	2889.0	29	2
3291.0	735.0	1	3
3841.0	2241.0	8	1
807.0	3123.0	29	2
3741.0	2120.0	8	1
3803.0	2105.0	8	1
1737.0	2537.0	20	3
3361.0	121.0	3	1
2067.0	3415.0	10	2
3825.0	1738.0	10	2
3359.0	1012.0	2	1
3301.0	1112.0	2	1
1469.0	3172.0	1	1
3489.0	2147.0	19	3
2843.0	1706.0	21	2
961.0	2833.0	29	2
1339.0	3218.0	34	2
1667.0	3310.0	4	2
2173.0	3237.0	100	0
3139.0	121.0	123	3
1867.0	2933.0	5	2
3879.0	1173.0	1	1
2093.0	2549.0	26	1
3903.0	545.0	1	3
4239.0	1825.0	2	2
2585.0	2430.0	4	1
1753.0	2288.0	200	3
1641.0	2059.0	100	2
3109.0	1542.0	100	0
3309.0	457.0	100	0
3723.0	719.0	2	1
2233.0	3498.0	11	2
1355.0	2123.0	1	1
3141.0	2676.0	4	1
1051.0	2539.0	35	3
3565.0	2449.0	1	2
3635.0	2249.0	3	3
4045.0	1129.0	100	0
3535.0	163.0	3	1
919.0	3250.0	34	1
1083.0	3031.0	34	1
909.0	3237.0	34	1
1079.0	3023.0	34	1
1339.0	3432.0	9	2
2005.0	3036.0	4	2
3435.0	178.0	3	1
3469.0	53.0	3	1
3723.0	302.0	21	2
1651.0	3199.0	18	1
2777.0	1475.0	12	1
1745.0	3456.0	18	1
1501.0	2581.0	22	3
3467.0	2020.0	3	2
3455.0	582.0	100	2
3321.0	1713.0	4	1
3887.0	1833.0	5	2
1633.0	3245.0	12	1
627.0	3120.0	10	2
3127.0	611.0	27	2
3953.0	589.0	55	3
3267.0	1624.0	4	1
3477.0	1847.0	20	2
2925.0	1713.0	18	1
1511.0	3063.0	12	1
2963.0	1679.0	12	1
1743.0	3274.0	18	1
3899.0	1927.0	18	1
1883.0	3298.0	18	1
1731.0	3284.0	18	1
1879.0	3274.0	18	1
3871.0	772.0	1	3
2159.0	3464.0	118	2
2293.0	1467.0	25	1
2465.0	1193.0	25	1
2519.0	1446.0	25	1
2067.0	2391.0	26	1
2345.0	1509.0	25	1
2311.0	1506.0	25	1
2371.0	1468.0	25	1
2425.0	1465.0	25	1
2253.0	2568.0	26	1
3517.0	1779.0	20	2
3467.0	1122.0	4	2
2119.0	2778.0	17	1
2409.0	2509.0	4	1
3245.0	406.0	5	2
3615.0	1947.0	1	1
1417.0	2417.0	1	1
2921.0	1146.0	9	1
2005.0	2792.0	17	1
2121.0	3047.0	17	1
2323.0	2607.0	2	1
2323.0	2607.0	2	1
2139.0	2969.0	27	3
3353.0	521.0	1	1
3965.0	1713.0	2	3
2003.0	3464.0	4	2
3551.0	1241.0	4	2
3109.0	1542.0	2	1
3595.0	1281.0	2	1
3455.0	1227.0	2	1
3549.0	1091.0	1	1
3401.0	49.0	2	2
3073.0	2797.0	25	2
2885.0	1154.0	9	1
2871.0	1777.0	2	2
827.0	2553.0	34	1
3591.0	1463.0	1	1
1053.0	3284.0	34	1
1251.0	3149.0	1	1
1171.0	3335.0	34	1
1539.0	3356.0	5	3
593.0	3291.0	5	2
805.0	2319.0	34	1
797.0	2319.0	34	1
615.0	2462.0	34	1
3351.0	2656.0	30	2
3121.0	1501.0	26	2
4041.0	1402.0	1	1
1917.0	3331.0	62	3
2789.0	2599.0	1	2
3755.0	854.0	29	2
3309.0	2417.0	4	1
3257.0	1124.0	9	3
1595.0	3111.0	1	1
2983.0	1662.0	18	1
1715.0	3322.0	18	1
4031.0	1163.0	1	3
2275.0	1674.0	3	1
951.0	2863.0	29	2
2997.0	1577.0	1	1
2707.0	2312.0	2	2
1307.0	2639.0	15	1
865.0	2965.0	29	2
3303.0	2595.0	4	1
3403.0	1015.0	1	2
1495.0	1969.0	2	3
935.0	3316.0	15	1
3207.0	2342.0	4	2
3207.0	2342.0	4	2
3207.0	2342.0	4	2
3107.0	2310.0	4	2
3201.0	516.0	1	1
2235.0	2629.0	26	1
1379.0	3077.0	2	1
1783.0	3055.0	20	2
2135.0	3488.0	118	2
535.0	3444.0	5	2
2961.0	2536.0	7	2
3351.0	1186.0	100	2
3219.0	842.0	2	2
3143.0	677.0	2	2
1143.0	3493.0	2	1
1073.0	2994.0	3	1
3349.0	657.0	118	2
967.0	3215.0	3	1
969.0	2643.0	29	2
4119.0	1512.0	118	2
4111.0	1251.0	2	1
3893.0	1662.0	19	2
1129.0	2059.0	42	1
2105.0	1653.0	29	2
871.0	3197.0	29	2
2953.0	1743.0	18	1
1703.0	3379.0	2	1
3825.0	1161.0	174	2
3125.0	1669.0	174	2
3643.0	1421.0	174	2
2965.0	2052.0	23	3
2037.0	2280.0	22	2
3665.0	1934.0	1	1
3541.0	757.0	1	2
3395.0	1204.0	42	2
3059.0	293.0	42	2
1901.0	3386.0	42	2
2551.0	2921.0	42	2
3405.0	402.0	42	2
3751.0	801.0	42	2
4083.0	883.0	1	1
3395.0	1204.0	42	2
901.0	2417.0	18	2
2617.0	1811.0	19	2
2827.0	1898.0	1	1
3803.0	1227.0	2	1
3877.0	637.0	39	3
2141.0	3003.0	17	1
637.0	3345.0	5	2
2587.0	3088.0	1	1
2523.0	2242.0	4	1
2803.0	2567.0	12	2
1793.0	3184.0	17	3
3021.0	1579.0	137	2
715.0	3486.0	2	2
3019.0	738.0	1	1
3265.0	399.0	42	2
3509.0	579.0	42	2
3381.0	2437.0	7	2
4033.0	530.0	2	2
2115.0	1893.0	118	2
1995.0	3464.0	118	2
3237.0	2147.0	20	1
3043.0	1747.0	1	1
1467.0	2809.0	15	1
3417.0	1959.0	20	1
3301.0	243.0	7	2
1387.0	2571.0	15	1
515.0	2928.0	10	2
3427.0	2161.0	20	1
3415.0	1988.0	20	1
1973.0	3115.0	174	2
2863.0	2016.0	1	2
2025.0	2296.0	34	1
3163.0	1073.0	27	2
2667.0	2846.0	18	1
1875.0	2355.0	34	1
1795.0	3361.0	28	2
2527.0	2901.0	18	1
1797.0	2921.0	29	2
1717.0	2874.0	29	2
1765.0	3149.0	29	2
1827.0	3192.0	29	2
4123.0	1073.0	2	2
1671.0	2714.0	20	1
2501.0	3047.0	18	1
2481.0	3030.0	12	1
2675.0	3036.0	18	1
1627.0	2449.0	29	2
