1308.0	1021.0	165
2413.0	554.0	165
2413.0	554.0	165
2294.0	815.0	165
2413.0	554.0	165
2315.0	460.0	165
2103.0	204.0	165
1382.0	1987.0	165
2422.0	610.0	165
2267.0	165.0	165
2254.0	161.0	165
2413.0	554.0	165
2413.0	554.0	165
2422.0	610.0	165
2422.0	610.0	165
1208.0	1229.0	165
2413.0	554.0	165
2114.0	513.0	165
1382.0	1987.0	165
2422.0	610.0	165
2422.0	610.0	165
1149.0	1647.0	165
1808.0	1496.0	165
2059.0	1274.0	165
2413.0	554.0	165
2055.0	864.0	165
1592.0	1800.0	165
1635.0	2073.0	165
2422.0	610.0	165
2422.0	610.0	165
2581.0	812.0	165
2055.0	864.0	165
1056.0	1892.0	165
2422.0	610.0	165
1382.0	1987.0	165
2413.0	554.0	165
1382.0	1987.0	165
2413.0	554.0	165
2413.0	554.0	165
1585.0	1701.0	165
1270.0	1572.0	165
2413.0	554.0	165
2422.0	610.0	165
2422.0	610.0	165
2413.0	554.0	165
1382.0	1987.0	165
1585.0	1701.0	165
2267.0	165.0	165
1068.0	1156.0	165
2413.0	554.0	165
2169.0	246.0	165
2422.0	610.0	165
1382.0	1987.0	165
2267.0	165.0	165
2413.0	554.0	165
2055.0	864.0	165
2055.0	864.0	165
2422.0	610.0	165
2267.0	165.0	165
2267.0	165.0	165
2422.0	610.0	165
2413.0	554.0	165
2413.0	554.0	165
895.0	1922.0	165
1409.0	1026.0	165
2413.0	554.0	165
1597.0	1657.0	165
2055.0	864.0	165
2422.0	610.0	165
2267.0	165.0	165
2267.0	165.0	165
2294.0	815.0	165
2413.0	554.0	165
2422.0	610.0	165
1199.0	1009.0	165
2422.0	610.0	165
2422.0	610.0	165
2413.0	554.0	165
2422.0	610.0	165
2267.0	165.0	165
2413.0	554.0	165
1583.0	1748.0	165
1382.0	1987.0	165
2422.0	610.0	165
1571.0	1481.0	165
2422.0	610.0	165
2267.0	165.0	165
2103.0	1124.0	165
2413.0	554.0	165
2267.0	165.0	165
2267.0	165.0	165
2413.0	554.0	165
1451.0	1496.0	108
1362.0	1926.0	108
938.0	1541.0	108
1802.0	1496.0	108
1268.0	1962.0	108
2180.0	210.0	108
2282.0	426.0	108
2126.0	1236.0	108
1710.0	1194.0	108
1507.0	1370.0	108
938.0	1203.0	108
1557.0	1422.0	108
2157.0	1178.0	108
1739.0	1075.0	108
1747.0	1229.0	108
2097.0	425.0	108
2180.0	210.0	108
1798.0	2093.0	108
1710.0	1194.0	108
1409.0	1026.0	108
1710.0	1194.0	108
1710.0	1194.0	108
1688.0	2038.0	108
1309.0	1850.0	108
1307.0	1064.0	108
2014.0	488.0	108
1243.0	2103.0	108
2309.0	336.0	108
1710.0	1194.0	108
2179.0	185.0	108
2126.0	1236.0	108
2180.0	210.0	108
1710.0	1194.0	108
1533.0	1699.0	108
1574.0	1528.0	108
2312.0	316.0	108
1795.0	1133.0	108
1710.0	1194.0	108
1366.0	1598.0	108
1268.0	1432.0	108
2367.0	426.0	108
1934.0	1264.0	108
1710.0	1194.0	108
1533.0	1699.0	108
2081.0	1370.0	108
2014.0	488.0	108
1243.0	2103.0	108
1484.0	1926.0	108
2180.0	210.0	108
2229.0	459.0	108
1798.0	800.0	102
1431.0	1083.0	102
1431.0	1083.0	102
1293.0	1049.0	102
2046.0	688.0	102
1284.0	1049.0	102
2046.0	688.0	102
1960.0	1002.0	102
1431.0	1083.0	102
1431.0	1092.0	102
1767.0	1273.0	102
2046.0	688.0	102
2046.0	688.0	102
2381.0	1116.0	102
1293.0	1049.0	102
1536.0	1024.0	102
1293.0	1049.0	102
2381.0	1116.0	102
2381.0	1116.0	102
1431.0	1083.0	102
1466.0	1100.0	102
1431.0	1083.0	102
2275.0	1068.0	102
1779.0	1116.0	102
1284.0	1049.0	102
1431.0	1083.0	102
1431.0	1083.0	102
1431.0	1092.0	102
1536.0	1024.0	102
1284.0	1049.0	102
1431.0	1083.0	102
1431.0	1083.0	102
1431.0	1083.0	102
1767.0	1273.0	102
2215.0	890.0	102
1722.0	2017.0	102
1837.0	1431.0	102
1284.0	1049.0	102
1431.0	1083.0	102
1293.0	1049.0	102
2052.0	1056.0	102
1779.0	1116.0	102
1755.0	1208.0	102
1431.0	1083.0	102
1293.0	1049.0	102
1431.0	1083.0	102
1892.0	1017.0	102
2451.0	1127.0	86
2004.0	477.0	86
1268.0	1432.0	86
2315.0	207.0	86
2208.0	1246.0	86
1429.0	1640.0	86
1308.0	1472.0	86
2613.0	763.0	86
793.0	1522.0	86
1257.0	1513.0	86
2561.0	786.0	86
1585.0	1701.0	86
1479.0	1720.0	86
1413.0	1577.0	86
1100.0	1760.0	86
2467.0	179.0	86
2194.0	180.0	86
2270.0	746.0	86
1556.0	1210.0	86
2167.0	38.0	86
2163.0	570.0	86
1460.0	1170.0	86
2085.0	1365.0	86
1087.0	1796.0	86
2049.0	685.0	86
2174.0	591.0	86
1268.0	1432.0	86
1522.0	1637.0	86
1409.0	1026.0	86
1155.0	1848.0	69
1486.0	1800.0	69
1932.0	1282.0	69
1205.0	1791.0	69
1155.0	1848.0	69
1486.0	1800.0	69
1486.0	1800.0	69
1155.0	1848.0	69
1155.0	1848.0	69
1486.0	1800.0	69
1566.0	825.0	69
1155.0	1848.0	69
1486.0	1800.0	69
1205.0	1791.0	69
1155.0	1848.0	69
2165.0	840.0	69
1302.0	1677.0	69
1302.0	1677.0	69
2169.0	246.0	69
2640.0	752.0	69
2640.0	752.0	69
1566.0	825.0	69
1566.0	825.0	69
1486.0	1800.0	69
1486.0	1800.0	69
1486.0	1800.0	69
1644.0	895.0	69
1486.0	1800.0	69
1486.0	1800.0	69
1953.0	519.0	69
1566.0	825.0	69
1566.0	825.0	69
1155.0	1848.0	69
1566.0	825.0	69
1566.0	825.0	69
1155.0	1848.0	69
2315.0	460.0	69
1401.0	1652.0	69
1155.0	1848.0	69
1525.0	1337.0	69
1155.0	1848.0	69
1566.0	825.0	69
1155.0	1848.0	69
2524.0	364.0	69
2371.0	591.0	69
1155.0	1848.0	69
2184.0	1299.0	69
1155.0	1848.0	69
1566.0	825.0	69
2358.0	376.0	47
1639.0	2035.0	47
1639.0	2035.0	47
2358.0	376.0	47
2358.0	376.0	47
2358.0	376.0	47
2358.0	376.0	47
1324.0	1930.0	47
1205.0	1067.0	47
2358.0	376.0	47
2488.0	417.0	47
2197.0	536.0	47
2358.0	376.0	47
2358.0	376.0	47
1639.0	2035.0	47
2059.0	1274.0	47
1932.0	589.0	47
1872.0	1414.0	47
1888.0	561.0	47
2094.0	886.0	47
1597.0	1864.0	47
1366.0	1424.0	42
1366.0	1424.0	42
1366.0	1424.0	42
1366.0	1424.0	42
1366.0	1424.0	42
1366.0	1424.0	42
1366.0	1424.0	42
1268.0	1379.0	42
1366.0	1424.0	42
1366.0	1424.0	42
1366.0	1424.0	42
1366.0	1424.0	42
1366.0	1424.0	42
1268.0	1379.0	42
1366.0	1424.0	42
1366.0	1424.0	42
1366.0	1424.0	42
1591.0	1986.0	42
1268.0	1379.0	42
1506.0	1331.0	42
1650.0	1160.0	37
2474.0	1058.0	37
2474.0	1058.0	37
2474.0	1058.0	37
2474.0	1058.0	37
2474.0	1058.0	37
1172.0	1052.0	33
1172.0	1052.0	33
1172.0	1052.0	33
1172.0	1052.0	33
1172.0	1052.0	33
1172.0	1052.0	33
1172.0	1052.0	33
1172.0	1052.0	33
1172.0	1052.0	33
1172.0	1052.0	33
1172.0	1052.0	33
1890.0	1369.0	31
1890.0	1369.0	31
1890.0	1369.0	31
1890.0	1369.0	31
1890.0	1369.0	31
1890.0	1369.0	31
2014.0	1343.0	31
1890.0	1369.0	31
1890.0	1369.0	31
1890.0	1369.0	31
1890.0	1369.0	31
1890.0	1369.0	31
1890.0	1369.0	31
1890.0	1369.0	31
1890.0	1369.0	31
1890.0	1369.0	31
2014.0	1343.0	31
1890.0	1369.0	31
2094.0	957.0	31
2065.0	897.0	31
1934.0	1264.0	31
1200.0	1491.0	31
2381.0	1116.0	31
1802.0	1496.0	31
1802.0	1496.0	31
2094.0	656.0	31
1802.0	1496.0	31
1872.0	1414.0	31
2014.0	1343.0	31
2014.0	1343.0	31
2014.0	1343.0	31
1728.0	705.0	31
1538.0	910.0	31
2014.0	1343.0	31
1872.0	1414.0	31
1396.0	2120.0	31
2334.0	1128.0	31
1934.0	1264.0	31
1659.0	1040.0	31
1650.0	1160.0	31
2474.0	1058.0	31
2474.0	1058.0	31
2474.0	1058.0	31
1650.0	1160.0	31
2474.0	1058.0	31
2474.0	1058.0	31
2474.0	1058.0	31
2030.0	1168.0	29
2030.0	1168.0	29
2030.0	1168.0	29
2030.0	1168.0	29
1828.0	1499.0	29
1828.0	1499.0	29
2030.0	1168.0	29
2030.0	1168.0	29
2030.0	1168.0	29
2030.0	1168.0	29
1828.0	1499.0	29
2030.0	1168.0	29
2030.0	1168.0	29
1828.0	1499.0	29
1676.0	1156.0	29
1828.0	1499.0	29
1828.0	1499.0	29
1461.0	1274.0	28
1461.0	1274.0	28
1912.0	809.0	28
2236.0	1232.0	28
2236.0	1232.0	28
2482.0	1083.0	28
2223.0	486.0	28
2447.0	857.0	28
1461.0	1274.0	28
1461.0	1274.0	28
1537.0	1215.0	28
1891.0	1395.0	28
1461.0	1274.0	28
1798.0	800.0	28
1624.0	1260.0	28
1582.0	1704.0	28
2236.0	1232.0	28
1234.0	1966.0	28
1461.0	1274.0	28
2261.0	423.0	28
2370.0	970.0	28
1461.0	1274.0	28
1888.0	679.0	28
1747.0	1229.0	28
1475.0	1975.0	27
1620.0	2121.0	27
1692.0	2122.0	27
1432.0	1598.0	27
1312.0	1900.0	27
1101.0	2156.0	27
2319.0	643.0	27
1623.0	2018.0	27
1432.0	1598.0	27
1580.0	1307.0	27
1479.0	1574.0	27
1540.0	2146.0	26
1540.0	2146.0	26
2014.0	1343.0	26
1540.0	2146.0	26
2014.0	1343.0	26
1299.0	1437.0	26
2318.0	416.0	26
1743.0	656.0	26
2110.0	151.0	26
2327.0	490.0	26
1608.0	1550.0	26
1743.0	656.0	26
2307.0	59.0	26
1743.0	656.0	26
1743.0	656.0	26
1789.0	1443.0	26
2331.0	403.0	26
2009.0	1060.0	26
2157.0	543.0	25
2189.0	646.0	25
2151.0	289.0	25
1638.0	2070.0	25
1630.0	2025.0	25
899.0	1925.0	25
1605.0	2015.0	25
1406.0	1346.0	25
957.0	1754.0	25
2438.0	207.0	25
1526.0	1866.0	25
1605.0	2015.0	25
1315.0	2115.0	25
2198.0	667.0	25
1743.0	1203.0	25
1743.0	1203.0	25
1743.0	1203.0	25
1743.0	1203.0	25
1743.0	1203.0	25
1743.0	1203.0	25
1743.0	1203.0	25
2045.0	306.0	25
2045.0	306.0	25
1736.0	967.0	25
1819.0	809.0	25
1743.0	1203.0	25
2086.0	471.0	25
2264.0	168.0	25
1736.0	967.0	25
1743.0	1203.0	25
2179.0	158.0	24
1832.0	1434.0	24
1627.0	2128.0	24
2010.0	272.0	24
2421.0	364.0	24
1443.0	1821.0	24
2254.0	161.0	24
1500.0	1656.0	24
891.0	1917.0	24
1581.0	2145.0	24
2258.0	214.0	24
1724.0	603.0	24
1724.0	603.0	24
1724.0	603.0	24
1724.0	603.0	24
1724.0	603.0	24
1724.0	603.0	24
1724.0	603.0	24
1724.0	603.0	24
1724.0	603.0	24
1799.0	1470.0	24
1356.0	2142.0	24
1814.0	2124.0	24
1437.0	1762.0	24
1640.0	1908.0	24
1356.0	2142.0	24
1309.0	1850.0	24
1309.0	1850.0	24
1491.0	1867.0	24
1799.0	1470.0	24
1717.0	2161.0	24
1739.0	1075.0	24
1948.0	1351.0	24
1315.0	1421.0	24
1794.0	1363.0	24
1085.0	1756.0	24
2327.0	195.0	24
2532.0	815.0	24
1162.0	1872.0	24
1830.0	938.0	24
2515.0	236.0	24
1872.0	1414.0	24
1567.0	1521.0	24
2217.0	91.0	24
1052.0	1849.0	24
1052.0	1849.0	24
1052.0	1849.0	24
1052.0	1849.0	24
1567.0	1521.0	24
1052.0	1849.0	24
1269.0	2160.0	24
1052.0	1849.0	24
2255.0	1223.0	24
1052.0	1849.0	24
1052.0	1849.0	24
2015.0	807.0	24
1979.0	787.0	24
1361.0	1692.0	24
1234.0	1966.0	24
1052.0	1849.0	24
1052.0	1849.0	24
1052.0	1849.0	24
1052.0	1849.0	24
2014.0	1343.0	24
1061.0	2009.0	24
1469.0	1316.0	22
1585.0	1701.0	22
1585.0	1701.0	22
1407.0	1271.0	22
2189.0	587.0	22
1585.0	1701.0	22
1424.0	1270.0	22
1295.0	1547.0	22
1469.0	1316.0	22
1742.0	1379.0	22
2063.0	1279.0	22
1469.0	1316.0	22
1401.0	1159.0	22
1424.0	1270.0	22
1424.0	1270.0	22
1990.0	464.0	22
1424.0	1270.0	22
1424.0	1270.0	22
1832.0	1434.0	22
1424.0	1270.0	22
1200.0	1491.0	22
1162.0	1996.0	22
2188.0	500.0	22
2188.0	500.0	22
2192.0	512.0	22
2332.0	630.0	22
2014.0	1343.0	22
2014.0	1343.0	22
1836.0	1025.0	22
2014.0	1343.0	22
1759.0	1439.0	22
2263.0	1239.0	22
2014.0	1343.0	22
1796.0	1040.0	22
1468.0	1284.0	22
1882.0	1386.0	22
1759.0	1439.0	22
2189.0	1275.0	22
2044.0	282.0	21
2044.0	282.0	21
2044.0	282.0	21
2044.0	282.0	21
2044.0	282.0	21
2044.0	282.0	21
2044.0	282.0	21
2044.0	282.0	21
2044.0	282.0	21
2044.0	282.0	21
2044.0	282.0	21
2044.0	282.0	21
2044.0	282.0	21
2044.0	282.0	21
2044.0	282.0	21
2044.0	282.0	21
2044.0	282.0	21
2044.0	282.0	21
2044.0	282.0	21
2044.0	282.0	21
2044.0	282.0	21
1724.0	603.0	21
1724.0	603.0	21
1724.0	603.0	21
1724.0	603.0	21
1724.0	603.0	21
1724.0	603.0	21
1185.0	1048.0	20
1257.0	1390.0	20
2044.0	282.0	19
2044.0	282.0	19
2044.0	282.0	19
2044.0	282.0	19
2044.0	282.0	19
2044.0	282.0	19
2044.0	282.0	19
2044.0	282.0	19
2044.0	282.0	19
2044.0	282.0	19
2044.0	282.0	19
2044.0	282.0	19
2044.0	282.0	19
2044.0	282.0	19
2044.0	282.0	19
2044.0	282.0	19
2044.0	282.0	19
2044.0	282.0	19
2044.0	282.0	19
1733.0	1319.0	19
1412.0	1129.0	19
1795.0	1133.0	19
1412.0	1129.0	19
1795.0	1133.0	19
1795.0	1133.0	19
2124.0	1129.0	19
1566.0	1487.0	19
827.0	1833.0	19
1747.0	1306.0	19
1990.0	1061.0	19
1566.0	1487.0	19
1795.0	1133.0	19
2124.0	1129.0	19
1908.0	843.0	19
1908.0	843.0	19
1908.0	843.0	19
1908.0	843.0	19
1908.0	843.0	19
1908.0	843.0	19
1908.0	843.0	19
1908.0	843.0	19
1908.0	843.0	19
1908.0	843.0	19
1908.0	843.0	19
1908.0	843.0	19
1908.0	843.0	19
1908.0	843.0	19
1908.0	843.0	19
1853.0	856.0	19
1908.0	843.0	19
1908.0	843.0	19
1908.0	843.0	19
1830.0	1455.0	19
1585.0	2069.0	19
2298.0	1254.0	19
2417.0	699.0	19
1720.0	1374.0	19
2536.0	856.0	19
2298.0	1254.0	19
2298.0	1254.0	19
2298.0	1254.0	19
1830.0	1455.0	19
2298.0	1254.0	19
2298.0	1254.0	19
2298.0	1254.0	19
2350.0	737.0	19
2298.0	1254.0	19
2417.0	699.0	19
1369.0	1384.0	19
2298.0	1254.0	19
2298.0	1254.0	19
2424.0	384.0	19
1585.0	1662.0	19
1362.0	1926.0	19
2507.0	324.0	19
2107.0	823.0	19
2246.0	527.0	19
1199.0	1061.0	19
1207.0	1758.0	19
1890.0	1369.0	19
1360.0	1182.0	19
1643.0	1660.0	19
2437.0	228.0	18
2437.0	228.0	18
2218.0	799.0	18
2437.0	228.0	18
2437.0	228.0	18
2437.0	228.0	18
2437.0	228.0	18
2423.0	503.0	18
2423.0	503.0	18
2423.0	503.0	18
2423.0	503.0	18
2423.0	503.0	18
2423.0	503.0	18
2423.0	503.0	18
2423.0	503.0	18
2423.0	503.0	18
2423.0	503.0	18
2423.0	503.0	18
1400.0	1475.0	18
1400.0	1475.0	18
1400.0	1475.0	18
1400.0	1475.0	18
1400.0	1475.0	18
1400.0	1475.0	18
1400.0	1475.0	18
1400.0	1475.0	18
1415.0	1707.0	18
1400.0	1475.0	18
1400.0	1475.0	18
942.0	1739.0	18
2475.0	863.0	18
942.0	1739.0	18
2475.0	863.0	18
2475.0	863.0	18
2173.0	1089.0	17
1387.0	2006.0	17
1757.0	863.0	17
1461.0	1520.0	17
2255.0	1223.0	17
1881.0	658.0	17
2262.0	278.0	17
1785.0	892.0	17
2262.0	631.0	17
2066.0	435.0	17
2066.0	435.0	17
2066.0	435.0	17
2427.0	708.0	17
2114.0	720.0	17
1144.0	1169.0	17
1900.0	813.0	17
1900.0	813.0	17
1530.0	1797.0	16
2285.0	360.0	16
2659.0	810.0	16
1266.0	1681.0	16
2542.0	210.0	16
1039.0	1397.0	16
1324.0	1930.0	16
2334.0	99.0	15
2334.0	99.0	15
2091.0	353.0	15
1805.0	913.0	15
2261.0	808.0	15
2261.0	808.0	15
2261.0	808.0	15
2261.0	808.0	15
2261.0	808.0	15
2261.0	808.0	15
2261.0	808.0	15
2261.0	808.0	15
2261.0	808.0	15
2261.0	808.0	15
2261.0	808.0	15
2261.0	808.0	15
2261.0	808.0	15
2261.0	808.0	15
2261.0	808.0	15
2261.0	808.0	15
2261.0	808.0	15
2261.0	808.0	15
2261.0	808.0	15
2261.0	808.0	15
2261.0	808.0	15
2261.0	808.0	15
2261.0	808.0	15
2261.0	808.0	15
2261.0	808.0	15
2261.0	808.0	15
2261.0	808.0	15
2261.0	808.0	15
2261.0	808.0	15
2261.0	808.0	15
1588.0	1821.0	15
1642.0	1872.0	15
1642.0	1872.0	15
1588.0	1821.0	15
1588.0	1821.0	15
1588.0	1821.0	15
1588.0	1821.0	15
1588.0	1821.0	15
1642.0	1872.0	15
2100.0	333.0	15
2100.0	333.0	15
2100.0	333.0	15
2100.0	333.0	15
2100.0	333.0	15
2100.0	333.0	15
2100.0	333.0	15
2100.0	333.0	15
2100.0	333.0	15
2100.0	333.0	15
1724.0	603.0	15
1724.0	603.0	15
1724.0	603.0	15
1724.0	603.0	15
2263.0	1218.0	15
2263.0	1218.0	15
2263.0	1218.0	15
2263.0	1218.0	15
2226.0	1257.0	15
2263.0	1218.0	15
2263.0	1218.0	15
2263.0	1218.0	15
2263.0	1218.0	15
1621.0	1665.0	14
1998.0	736.0	14
1305.0	1571.0	14
1996.0	864.0	14
1847.0	2162.0	14
2326.0	471.0	14
2009.0	953.0	14
2066.0	1337.0	14
2066.0	1337.0	14
1623.0	1323.0	14
1700.0	1164.0	14
2066.0	1337.0	14
995.0	1759.0	14
1848.0	868.0	14
1605.0	2120.0	14
2539.0	822.0	14
2218.0	1299.0	14
1789.0	1443.0	14
2053.0	809.0	14
2151.0	191.0	14
2412.0	113.0	14
2412.0	113.0	14
2412.0	113.0	14
2412.0	113.0	14
2412.0	113.0	14
2412.0	113.0	14
2412.0	113.0	14
2412.0	113.0	14
2412.0	113.0	14
2412.0	113.0	14
2412.0	113.0	14
2412.0	113.0	14
2412.0	113.0	14
2641.0	704.0	14
744.0	1482.0	14
1728.0	705.0	14
2126.0	1236.0	14
1598.0	1031.0	14
1655.0	2033.0	14
1312.0	1158.0	14
1820.0	1497.0	14
2209.0	753.0	14
2209.0	753.0	14
1820.0	1497.0	14
1327.0	2066.0	14
2156.0	830.0	14
2088.0	1359.0	14
2689.0	840.0	14
2689.0	840.0	14
2689.0	840.0	14
2689.0	840.0	14
2689.0	840.0	14
2551.0	522.0	13
2551.0	522.0	13
2551.0	522.0	13
2551.0	522.0	13
2423.0	987.0	13
2551.0	522.0	13
2551.0	522.0	13
2551.0	522.0	13
1469.0	1316.0	13
1545.0	1741.0	13
2551.0	522.0	13
2551.0	522.0	13
1567.0	1521.0	13
2308.0	532.0	13
2317.0	117.0	13
2222.0	263.0	13
2308.0	532.0	13
2253.0	312.0	13
2308.0	532.0	13
2308.0	532.0	13
2166.0	142.0	13
2066.0	435.0	13
2066.0	435.0	13
2066.0	435.0	13
2066.0	435.0	13
2066.0	435.0	13
2066.0	435.0	13
2066.0	435.0	13
2066.0	435.0	13
2066.0	435.0	13
1517.0	1552.0	13
1517.0	1552.0	13
2066.0	435.0	13
1362.0	1497.0	13
1610.0	1036.0	13
1993.0	1058.0	13
2111.0	517.0	13
2087.0	328.0	13
1378.0	1357.0	13
1433.0	1491.0	13
1295.0	1264.0	13
1433.0	1491.0	13
1575.0	1477.0	13
2116.0	406.0	13
935.0	1609.0	13
1683.0	1977.0	13
2139.0	634.0	13
2139.0	634.0	13
2139.0	634.0	13
2139.0	634.0	13
1778.0	1461.0	12
1778.0	1461.0	12
1778.0	1461.0	12
1778.0	1461.0	12
1778.0	1461.0	12
1778.0	1461.0	12
1778.0	1461.0	12
1778.0	1461.0	12
1778.0	1461.0	12
1778.0	1461.0	12
1778.0	1461.0	12
2032.0	1053.0	12
2032.0	1053.0	12
2032.0	1053.0	12
2032.0	1053.0	12
2032.0	1053.0	12
2032.0	1053.0	12
2032.0	1053.0	12
2032.0	1053.0	12
2032.0	1053.0	12
2032.0	1053.0	12
2032.0	1053.0	12
2032.0	1053.0	12
1409.0	1344.0	12
1409.0	1344.0	12
1409.0	1344.0	12
1409.0	1344.0	12
1409.0	1344.0	12
1409.0	1344.0	12
1409.0	1344.0	12
1409.0	1344.0	12
1409.0	1344.0	12
1409.0	1344.0	12
1409.0	1344.0	12
942.0	1739.0	12
942.0	1739.0	12
2067.0	155.0	12
2227.0	1143.0	12
2227.0	1143.0	12
2227.0	1143.0	12
2067.0	155.0	12
1993.0	758.0	12
2067.0	155.0	12
1506.0	1331.0	12
899.0	1943.0	12
2315.0	460.0	12
2315.0	460.0	12
2547.0	756.0	12
1237.0	1962.0	12
2103.0	965.0	12
2148.0	267.0	12
2068.0	471.0	12
1525.0	1038.0	12
1525.0	1038.0	12
1521.0	1034.0	12
1525.0	1038.0	12
1521.0	1034.0	12
1525.0	1038.0	12
1521.0	1034.0	12
1525.0	1038.0	12
1521.0	1034.0	12
1525.0	1038.0	12
1525.0	1038.0	12
1609.0	987.0	12
2424.0	1025.0	12
1463.0	1416.0	12
1479.0	1720.0	12
2222.0	209.0	12
1605.0	2120.0	12
1724.0	603.0	12
1724.0	603.0	12
1724.0	603.0	12
2224.0	1140.0	11
2224.0	1140.0	11
2224.0	1140.0	11
2224.0	1140.0	11
2224.0	1140.0	11
2224.0	1140.0	11
2424.0	1025.0	11
1463.0	1416.0	11
1463.0	1416.0	11
1479.0	1720.0	11
2222.0	209.0	11
1605.0	2120.0	11
1639.0	2035.0	11
1639.0	2035.0	11
1639.0	2035.0	11
1259.0	2028.0	10
2092.0	430.0	10
1487.0	1864.0	10
1585.0	1572.0	10
1377.0	1877.0	10
1462.0	1931.0	10
1258.0	1943.0	10
2182.0	493.0	10
2182.0	493.0	10
2004.0	1153.0	10
1048.0	1811.0	10
1596.0	1779.0	10
2205.0	698.0	10
1655.0	2033.0	10
1883.0	1362.0	10
1533.0	1699.0	10
1710.0	1194.0	10
1840.0	1476.0	10
2495.0	866.0	10
1409.0	1026.0	10
1710.0	1194.0	10
1308.0	1551.0	10
1308.0	1551.0	10
1308.0	1551.0	10
1308.0	1551.0	10
1308.0	1551.0	10
1308.0	1551.0	10
1308.0	1551.0	10
1308.0	1551.0	10
1308.0	1551.0	10
1308.0	1551.0	10
1624.0	1663.0	10
1624.0	1663.0	10
1624.0	1663.0	10
1624.0	1663.0	10
1624.0	1663.0	10
1624.0	1663.0	10
1624.0	1663.0	10
1624.0	1663.0	10
1624.0	1663.0	10
1624.0	1663.0	10
1934.0	1167.0	9
1934.0	1167.0	9
1934.0	1167.0	9
1934.0	1167.0	9
1934.0	1167.0	9
1934.0	1167.0	9
1934.0	1167.0	9
1934.0	1167.0	9
1258.0	1943.0	9
2519.0	444.0	9
2269.0	413.0	9
2072.0	1232.0	9
2253.0	312.0	9
2004.0	477.0	9
1743.0	1203.0	9
1743.0	1203.0	9
1743.0	1203.0	9
1743.0	1203.0	9
1743.0	1203.0	9
1743.0	1203.0	9
1475.0	1975.0	9
1620.0	2121.0	9
1692.0	2122.0	9
1432.0	1598.0	9
1308.0	1551.0	9
1308.0	1551.0	9
2151.0	191.0	9
1530.0	1797.0	9
2285.0	360.0	9
2659.0	810.0	9
1266.0	1681.0	9
2468.0	221.0	9
2041.0	795.0	9
1986.0	1007.0	9
1986.0	1007.0	9
2168.0	989.0	9
1986.0	1007.0	9
2006.0	1280.0	9
2195.0	299.0	9
2195.0	299.0	9
2195.0	299.0	9
2195.0	299.0	9
2195.0	299.0	9
2195.0	299.0	9
2195.0	299.0	9
2195.0	299.0	9
2124.0	1074.0	9
2656.0	754.0	9
2424.0	1025.0	9
1463.0	1416.0	9
1479.0	1720.0	9
2222.0	209.0	9
955.0	1117.0	8
2103.0	1124.0	8
1601.0	2019.0	8
1601.0	2019.0	8
1601.0	2019.0	8
1601.0	2019.0	8
1601.0	2019.0	8
1601.0	2019.0	8
1601.0	2019.0	8
2164.0	1122.0	8
2164.0	1122.0	8
2164.0	1122.0	8
2164.0	1122.0	8
2164.0	1122.0	8
2164.0	1122.0	8
2164.0	1122.0	8
1711.0	1095.0	8
1711.0	1095.0	8
1711.0	1095.0	8
1711.0	1095.0	8
1711.0	1095.0	8
1711.0	1095.0	8
1944.0	1177.0	8
2056.0	1248.0	8
1791.0	1451.0	8
1424.0	1906.0	8
1260.0	963.0	8
1260.0	963.0	8
1883.0	1362.0	8
2212.0	1005.0	8
2424.0	328.0	8
2424.0	328.0	8
1387.0	2112.0	8
2197.0	1299.0	8
1927.0	1160.0	8
1626.0	1235.0	8
2015.0	913.0	8
2298.0	647.0	8
2298.0	647.0	8
2298.0	647.0	8
1529.0	1043.0	8
2298.0	647.0	8
2015.0	913.0	8
2354.0	168.0	8
1733.0	1319.0	8
2354.0	168.0	8
1257.0	1796.0	8
1437.0	2131.0	8
2014.0	1343.0	8
2066.0	435.0	8
2066.0	435.0	8
2066.0	435.0	8
2066.0	435.0	8
2066.0	435.0	8
2066.0	435.0	8
1517.0	1552.0	8
2195.0	207.0	8
2195.0	207.0	8
2195.0	207.0	8
2195.0	207.0	8
2195.0	207.0	8
2195.0	207.0	8
2195.0	207.0	8
2195.0	207.0	8
1206.0	1952.0	8
1206.0	1952.0	8
1206.0	1952.0	8
1206.0	1952.0	8
1206.0	1952.0	8
1206.0	1952.0	8
1206.0	1952.0	8
1206.0	1952.0	8
1346.0	1707.0	8
2567.0	797.0	8
1801.0	950.0	8
1530.0	1797.0	8
2688.0	751.0	8
1774.0	960.0	8
1487.0	1334.0	8
2589.0	567.0	7
1322.0	1168.0	7
1260.0	1387.0	7
2195.0	280.0	7
1904.0	830.0	7
1057.0	1554.0	7
1673.0	2035.0	7
1360.0	2138.0	7
2261.0	172.0	7
1728.0	705.0	7
1222.0	2160.0	7
1728.0	705.0	7
2381.0	1116.0	7
1809.0	744.0	7
1802.0	1496.0	7
1932.0	1282.0	7
1840.0	1476.0	7
2014.0	1343.0	7
2014.0	1343.0	7
2014.0	1343.0	7
1739.0	1075.0	7
1842.0	909.0	7
2264.0	168.0	7
2002.0	917.0	7
2315.0	460.0	7
2235.0	1174.0	7
2235.0	1174.0	7
2235.0	1174.0	7
2235.0	1174.0	7
2218.0	1299.0	7
2001.0	626.0	7
2209.0	702.0	7
2254.0	853.0	7
1200.0	1491.0	7
2014.0	1343.0	7
2063.0	1279.0	7
1356.0	2142.0	7
1294.0	1586.0	7
1728.0	705.0	7
1090.0	1752.0	7
1728.0	705.0	7
2300.0	686.0	7
2261.0	172.0	7
1377.0	1877.0	7
2162.0	954.0	7
1490.0	944.0	6
1888.0	908.0	6
1466.0	1100.0	6
1873.0	754.0	6
2322.0	730.0	6
1581.0	1172.0	6
1817.0	1158.0	6
1805.0	628.0	6
2103.0	965.0	6
1256.0	968.0	6
2222.0	1187.0	6
2222.0	1187.0	6
2222.0	1187.0	6
2222.0	1187.0	6
2222.0	1187.0	6
1658.0	1077.0	6
1658.0	1077.0	6
1700.0	1164.0	6
1700.0	1164.0	6
1658.0	1077.0	6
1658.0	1077.0	6
1874.0	693.0	6
1874.0	693.0	6
1874.0	693.0	6
1874.0	693.0	6
1872.0	1414.0	6
1380.0	1908.0	6
1541.0	1053.0	6
1817.0	1158.0	6
1484.0	1926.0	6
1537.0	2144.0	6
1537.0	2144.0	6
1537.0	2144.0	6
1537.0	2144.0	6
1537.0	2144.0	6
1537.0	2144.0	6
2425.0	281.0	6
2175.0	347.0	6
1303.0	1148.0	6
2640.0	752.0	6
2424.0	1025.0	6
1775.0	1257.0	6
1775.0	1257.0	6
1775.0	1257.0	6
1160.0	1699.0	6
1251.0	1644.0	6
1581.0	791.0	6
2004.0	1114.0	6
1469.0	1055.0	6
1263.0	1956.0	6
1263.0	1956.0	6
1263.0	1956.0	6
1359.0	1626.0	6
2272.0	462.0	6
2272.0	462.0	6
2272.0	462.0	6
2272.0	462.0	6
2272.0	462.0	6
2272.0	462.0	6
1916.0	946.0	6
1916.0	946.0	6
1916.0	946.0	6
1916.0	946.0	6
1916.0	946.0	6
1846.0	1189.0	6
717.0	1591.0	6
2137.0	1020.0	6
2137.0	1020.0	6
2137.0	1020.0	6
2266.0	847.0	6
2266.0	847.0	6
2266.0	847.0	6
2266.0	847.0	6
2266.0	847.0	6
2266.0	847.0	6
2268.0	327.0	6
2268.0	327.0	6
2268.0	327.0	6
2268.0	327.0	6
2268.0	327.0	6
2268.0	327.0	6
2171.0	1194.0	6
2156.0	830.0	6
1825.0	950.0	6
1625.0	1065.0	6
1750.0	1448.0	6
1739.0	1075.0	6
2215.0	890.0	6
2431.0	961.0	6
1683.0	809.0	6
1825.0	1373.0	6
1789.0	1443.0	6
1820.0	1497.0	6
1820.0	1497.0	6
1820.0	1497.0	6
1820.0	1497.0	6
2031.0	491.0	6
1820.0	1497.0	6
2014.0	1343.0	5
2014.0	1343.0	5
1934.0	1264.0	5
1934.0	1264.0	5
1733.0	1319.0	5
1932.0	1282.0	5
1934.0	1264.0	5
2366.0	647.0	5
1658.0	2036.0	5
1658.0	2036.0	5
1658.0	2036.0	5
1658.0	2036.0	5
1658.0	2036.0	5
2088.0	1359.0	5
1670.0	1536.0	5
1670.0	1536.0	5
1670.0	1536.0	5
1670.0	1536.0	5
1670.0	1536.0	5
1415.0	1707.0	5
1620.0	1256.0	5
1620.0	1256.0	5
1620.0	1256.0	5
1620.0	1256.0	5
2153.0	581.0	5
2153.0	581.0	5
2339.0	964.0	5
2130.0	637.0	5
2204.0	1014.0	5
1269.0	1931.0	5
1269.0	1931.0	5
1269.0	1931.0	5
1269.0	1931.0	5
1269.0	1931.0	5
2180.0	1280.0	5
2180.0	1280.0	5
2180.0	1280.0	5
2180.0	1280.0	5
2180.0	1280.0	5
1584.0	849.0	5
1584.0	849.0	5
1584.0	849.0	5
1584.0	849.0	5
1584.0	849.0	5
1583.0	1721.0	5
2090.0	961.0	5
2090.0	961.0	5
2090.0	961.0	5
2090.0	961.0	5
2090.0	961.0	5
2124.0	1074.0	5
2124.0	1074.0	5
2124.0	1074.0	5
2124.0	1074.0	5
1738.0	1245.0	5
1610.0	1263.0	5
1610.0	1263.0	5
1655.0	1036.0	5
1822.0	1376.0	5
1624.0	1663.0	5
2473.0	1024.0	5
2473.0	1024.0	5
1487.0	1969.0	4
1423.0	2012.0	4
1386.0	1156.0	4
2158.0	1233.0	4
2275.0	458.0	4
2275.0	458.0	4
2275.0	458.0	4
2275.0	458.0	4
1229.0	2046.0	4
1229.0	2046.0	4
1229.0	2046.0	4
1229.0	2046.0	4
2180.0	1280.0	4
2180.0	1280.0	4
2180.0	1280.0	4
2180.0	1280.0	4
1352.0	1215.0	4
1352.0	1215.0	4
2256.0	297.0	4
2130.0	637.0	4
1036.0	2037.0	4
1036.0	2044.0	4
1315.0	2008.0	4
1361.0	1692.0	4
1731.0	1003.0	4
1731.0	1003.0	4
1539.0	1175.0	4
1731.0	1003.0	4
1270.0	1132.0	4
2144.0	589.0	4
2320.0	326.0	4
2152.0	156.0	4
2430.0	768.0	4
2229.0	631.0	4
2044.0	791.0	4
2300.0	857.0	4
2161.0	653.0	4
2161.0	653.0	4
2161.0	653.0	4
2161.0	653.0	4
786.0	1599.0	4
1564.0	1594.0	4
1608.0	1550.0	4
1564.0	1594.0	4
1481.0	996.0	4
1801.0	950.0	4
1613.0	1224.0	4
2447.0	857.0	4
1518.0	887.0	4
1518.0	887.0	4
1518.0	887.0	4
1518.0	887.0	4
1798.0	2093.0	4
2263.0	1239.0	4
2263.0	1239.0	4
2263.0	1239.0	4
1635.0	2073.0	4
1615.0	2090.0	4
1271.0	1859.0	4
803.0	1228.0	4
1948.0	1351.0	4
2209.0	12.0	4
1283.0	1917.0	4
1283.0	1917.0	4
1283.0	1917.0	4
1283.0	1917.0	4
1199.0	2159.0	4
1199.0	2159.0	4
1199.0	2159.0	4
1428.0	1859.0	4
2492.0	970.0	4
2119.0	160.0	4
2671.0	863.0	4
1188.0	1124.0	4
1188.0	1124.0	4
1188.0	1124.0	4
1188.0	1124.0	4
2001.0	732.0	4
2415.0	357.0	4
1747.0	1229.0	4
1493.0	2161.0	4
1932.0	1282.0	4
1513.0	2161.0	4
1269.0	1931.0	4
1269.0	1931.0	4
1269.0	1931.0	4
1269.0	1931.0	4
1863.0	1260.0	4
1863.0	1260.0	4
1863.0	1260.0	4
1863.0	1260.0	4
2013.0	847.0	4
2013.0	847.0	4
1840.0	1476.0	4
2218.0	799.0	4
2218.0	799.0	4
2218.0	799.0	4
2218.0	799.0	4
2093.0	809.0	3
1585.0	2069.0	3
1594.0	786.0	3
1594.0	786.0	3
1594.0	786.0	3
1045.0	2025.0	3
1624.0	1260.0	3
1101.0	2156.0	3
1910.0	1158.0	3
1910.0	1158.0	3
1910.0	1158.0	3
1112.0	1957.0	3
1407.0	1674.0	3
1458.0	2017.0	3
1836.0	1025.0	3
1659.0	1040.0	3
1659.0	1040.0	3
1567.0	1521.0	3
2339.0	964.0	3
1731.0	1003.0	3
1756.0	2079.0	3
1756.0	2079.0	3
1756.0	2079.0	3
2153.0	493.0	3
1392.0	1981.0	3
2312.0	316.0	3
2215.0	274.0	3
2036.0	243.0	3
1990.0	464.0	3
2261.0	172.0	3
2319.0	813.0	3
2319.0	813.0	3
2319.0	813.0	3
1771.0	578.0	3
1747.0	1255.0	3
1685.0	1279.0	3
1948.0	1351.0	3
1157.0	1068.0	3
1642.0	1719.0	3
1647.0	2043.0	3
1647.0	2043.0	3
1647.0	2043.0	3
2157.0	94.0	3
2323.0	364.0	3
2313.0	1239.0	3
2313.0	1239.0	3
2313.0	1239.0	3
1252.0	2035.0	3
1327.0	1703.0	3
1475.0	1428.0	3
1475.0	1428.0	3
1475.0	1428.0	3
2613.0	763.0	3
2006.0	1280.0	3
2195.0	283.0	3
2195.0	283.0	3
2195.0	283.0	3
2126.0	557.0	3
2117.0	175.0	3
2189.0	646.0	3
2189.0	646.0	3
2189.0	646.0	3
1825.0	1373.0	3
1825.0	1373.0	3
1825.0	1373.0	3
2012.0	677.0	3
1185.0	1048.0	3
1307.0	1152.0	3
2018.0	99.0	3
2354.0	168.0	3
2269.0	466.0	3
2698.0	762.0	3
2698.0	762.0	3
2580.0	770.0	3
2035.0	800.0	3
2035.0	800.0	3
2035.0	800.0	3
2383.0	966.0	3
2383.0	966.0	3
2375.0	976.0	3
1779.0	1116.0	3
1779.0	1116.0	3
1779.0	1116.0	3
1585.0	1824.0	3
2096.0	320.0	3
1652.0	2030.0	3
1652.0	2030.0	3
1652.0	2030.0	3
1913.0	1097.0	3
1933.0	740.0	3
1933.0	740.0	3
1933.0	740.0	3
1856.0	1107.0	3
1856.0	1107.0	3
1856.0	1107.0	3
1757.0	679.0	3
2159.0	545.0	3
719.0	1556.0	3
719.0	1556.0	3
1531.0	1379.0	3
1635.0	1100.0	3
1635.0	1100.0	3
1855.0	2153.0	3
1855.0	2153.0	3
1855.0	2153.0	3
2220.0	1083.0	3
2358.0	928.0	3
1638.0	1715.0	3
1591.0	1986.0	3
1634.0	2029.0	3
1541.0	1724.0	2
2656.0	754.0	2
1566.0	1169.0	2
1242.0	1705.0	2
1242.0	1705.0	2
1306.0	1381.0	2
2086.0	471.0	2
1995.0	632.0	2
1995.0	632.0	2
1434.0	1959.0	2
1434.0	1959.0	2
2143.0	200.0	2
1422.0	1268.0	2
2153.0	1175.0	2
2010.0	272.0	2
2010.0	272.0	2
1101.0	2156.0	2
2604.0	479.0	2
2604.0	479.0	2
1583.0	1486.0	2
2420.0	480.0	2
2014.0	1343.0	2
2014.0	1343.0	2
1303.0	1148.0	2
1304.0	1132.0	2
1839.0	998.0	2
1092.0	1890.0	2
2437.0	228.0	2
2369.0	1023.0	2
2081.0	1370.0	2
2168.0	488.0	2
1651.0	1185.0	2
1651.0	1185.0	2
1633.0	1604.0	2
2381.0	1116.0	2
1995.0	632.0	2
1995.0	632.0	2
2437.0	228.0	2
2004.0	1065.0	2
2003.0	959.0	2
2262.0	631.0	2
2262.0	631.0	2
1424.0	1270.0	2
1424.0	1270.0	2
1262.0	1637.0	2
1259.0	1845.0	2
1044.0	1419.0	2
2352.0	805.0	2
1471.0	1424.0	2
1988.0	746.0	2
2305.0	692.0	2
1092.0	1890.0	2
1303.0	1538.0	2
1303.0	1538.0	2
1291.0	1526.0	2
1291.0	1526.0	2
2113.0	643.0	2
2004.0	902.0	2
2004.0	902.0	2
1154.0	1105.0	2
1154.0	1105.0	2
1855.0	751.0	2
2488.0	549.0	2
1101.0	2156.0	2
887.0	1552.0	2
1674.0	887.0	2
1197.0	1041.0	2
1946.0	487.0	2
1946.0	487.0	2
1466.0	1497.0	2
2379.0	1012.0	2
1740.0	694.0	2
1666.0	1280.0	2
2262.0	631.0	2
2262.0	631.0	2
905.0	1596.0	2
1534.0	854.0	2
1571.0	1715.0	2
1478.0	2161.0	2
1578.0	1337.0	2
1934.0	1060.0	2
1934.0	1060.0	2
1828.0	1499.0	2
1045.0	2025.0	2
1045.0	2025.0	2
2219.0	817.0	2
2335.0	969.0	2
1140.0	1173.0	2
1948.0	1351.0	2
1948.0	1351.0	2
1747.0	1229.0	2
1747.0	1229.0	2
1576.0	1971.0	2
1576.0	1971.0	2
1490.0	1336.0	2
1258.0	929.0	2
1487.0	1969.0	2
2081.0	1370.0	2
1580.0	2081.0	2
1580.0	2081.0	2
1040.0	1749.0	2
1941.0	856.0	2
1263.0	1002.0	2
1429.0	2086.0	2
1799.0	2122.0	2
1431.0	1083.0	2
1431.0	1083.0	2
2387.0	1128.0	2
2196.0	640.0	2
1317.0	1074.0	2
1317.0	1074.0	2
2270.0	163.0	2
2117.0	207.0	2
1979.0	787.0	2
2424.0	328.0	2
2671.0	863.0	2
1728.0	705.0	2
2229.0	631.0	2
1596.0	1691.0	2
830.0	1627.0	2
1933.0	801.0	2
1500.0	1656.0	2
1521.0	1385.0	2
2159.0	363.0	2
2159.0	363.0	2
1704.0	1258.0	2
1704.0	1258.0	2
1651.0	1547.0	2
1522.0	1637.0	2
2298.0	647.0	2
1802.0	1496.0	2
1802.0	1496.0	2
1464.0	1629.0	2
1852.0	2148.0	2
1403.0	2161.0	2
717.0	1591.0	2
717.0	1591.0	2
1352.0	1215.0	2
2113.0	747.0	2
2073.0	573.0	2
2069.0	575.0	2
2229.0	631.0	1
1536.0	1024.0	1
2153.0	313.0	1
1415.0	1003.0	1
1256.0	1313.0	1
1862.0	1419.0	1
989.0	1537.0	1
2062.0	264.0	1
1259.0	1211.0	1
2104.0	12.0	1
1816.0	1296.0	1
2098.0	377.0	1
2151.0	191.0	1
2446.0	1122.0	1
1365.0	1211.0	1
1319.0	1206.0	1
1583.0	1721.0	1
1321.0	1748.0	1
1882.0	1386.0	1
2098.0	377.0	1
719.0	1564.0	1
2530.0	796.0	1
2209.0	44.0	1
1315.0	1883.0	1
1840.0	1476.0	1
1742.0	1009.0	1
1947.0	1251.0	1
1382.0	1334.0	1
1094.0	1575.0	1
2164.0	656.0	1
1007.0	1080.0	1
1788.0	1126.0	1
796.0	1537.0	1
1102.0	1053.0	1
1802.0	1496.0	1
786.0	1599.0	1
1744.0	1131.0	1
719.0	1556.0	1
1642.0	1719.0	1
2113.0	937.0	1
2180.0	1280.0	1
1813.0	2162.0	1
1537.0	1702.0	1
1355.0	1064.0	1
2034.0	488.0	1
1883.0	1479.0	1
2255.0	518.0	1
1948.0	1351.0	1
1335.0	2136.0	1
1387.0	2112.0	1
2319.0	643.0	1
2406.0	1123.0	1
733.0	1404.0	1
1428.0	1821.0	1
2304.0	659.0	1
1916.0	946.0	1
1991.0	889.0	1
1476.0	2145.0	1
1932.0	1282.0	1
2189.0	469.0	1
2217.0	68.0	1
1428.0	1821.0	1
2201.0	932.0	1
1422.0	2117.0	1
1386.0	1156.0	1
1203.0	1240.0	1
2282.0	922.0	1
2192.0	643.0	1
2195.0	299.0	1
1596.0	1443.0	1
1653.0	1818.0	1
2076.0	1228.0	1
2065.0	205.0	1
2424.0	328.0	1
1412.0	1129.0	1
2334.0	1128.0	1
1491.0	1867.0	1
1223.0	1811.0	1
1269.0	2160.0	1
1798.0	800.0	1
1639.0	1699.0	1
1749.0	1197.0	1
1472.0	1764.0	1
1535.0	1828.0	1
1744.0	1131.0	1
1356.0	2142.0	1
2390.0	809.0	1
1506.0	1331.0	1
2482.0	959.0	1
2048.0	416.0	1
1910.0	1158.0	1
2263.0	201.0	1
1386.0	1156.0	1
2246.0	469.0	1
2314.0	331.0	1
2568.0	215.0	1
2102.0	364.0	1
2203.0	848.0	1
1980.0	965.0	1
1418.0	1107.0	1
1795.0	1133.0	1
2243.0	736.0	1
1424.0	1270.0	1
1327.0	2066.0	1
2102.0	364.0	1
2293.0	539.0	1
1757.0	863.0	1
2447.0	857.0	1
1825.0	1373.0	1
1451.0	1496.0	1
1109.0	1750.0	1
1570.0	2071.0	1
2461.0	184.0	1
930.0	1744.0	1
2508.0	1025.0	1
1352.0	1173.0	1
2175.0	1217.0	1
1437.0	1814.0	1
1308.0	1021.0	1
1605.0	2015.0	1
1269.0	1931.0	1
2218.0	799.0	1
1028.0	1920.0	1
2373.0	744.0	1
900.0	1803.0	1
1550.0	990.0	1
2387.0	1156.0	1
1277.0	1370.0	1
2202.0	634.0	1
1268.0	1962.0	1
2267.0	1019.0	1
986.0	1221.0	1
2198.0	691.0	1
1949.0	1164.0	1
2179.0	158.0	1
2085.0	1365.0	1
2424.0	1073.0	1
2251.0	567.0	1
1360.0	2138.0	1
1170.0	1795.0	1
1733.0	700.0	1
771.0	1650.0	1
2059.0	802.0	1
1666.0	1280.0	1
2366.0	157.0	1
1669.0	1051.0	1
2047.0	855.0	1
955.0	1888.0	1
1208.0	1229.0	1
1791.0	1451.0	1
1301.0	1011.0	1
1061.0	1116.0	1
1996.0	864.0	1
2383.0	262.0	1
1907.0	1421.0	1
2372.0	785.0	1
2107.0	823.0	1
2010.0	272.0	1
1478.0	1236.0	1
1639.0	1399.0	1
2342.0	767.0	1
2157.0	275.0	1
1038.0	1430.0	1
1596.0	1779.0	1
1715.0	1199.0	1
1069.0	1896.0	1
2229.0	631.0	1
1640.0	1647.0	1
2246.0	527.0	1
1305.0	954.0	1
1671.0	690.0	1
1506.0	1331.0	1
1643.0	2039.0	1
1591.0	1986.0	1
1638.0	1877.0	1
2314.0	373.0	1
1321.0	1077.0	1
1840.0	1476.0	1
2309.0	336.0	1
1605.0	2015.0	1
1745.0	1454.0	1
1068.0	1050.0	1
2040.0	98.0	1
983.0	1586.0	1
2168.0	488.0	1
1565.0	1430.0	1
2375.0	656.0	1
1795.0	1133.0	1
1245.0	1491.0	1
2542.0	327.0	1
2104.0	731.0	1
1621.0	2161.0	1
1545.0	1864.0	1
1484.0	1821.0	1
1583.0	1470.0	1
1425.0	1693.0	1
1948.0	1351.0	1
945.0	1865.0	1
2498.0	515.0	1
1477.0	941.0	1
1575.0	1228.0	1
1174.0	1866.0	1
1429.0	2086.0	1
1799.0	695.0	1
1217.0	2034.0	1
1729.0	686.0	1
2641.0	704.0	1
1164.0	1455.0	1
900.0	1803.0	1
2233.0	1070.0	1
2041.0	921.0	1
2123.0	386.0	1
2518.0	535.0	1
2306.0	158.0	1
2441.0	205.0	1
2201.0	533.0	1
2217.0	68.0	1
1570.0	2071.0	1
2069.0	437.0	1
2521.0	214.0	1
2049.0	1326.0	1
1293.0	1126.0	1
2171.0	1070.0	1
2636.0	577.0	1
2189.0	786.0	1
1302.0	1452.0	1
1062.0	1031.0	1
2357.0	639.0	1
1518.0	1979.0	1
1205.0	2083.0	1
1061.0	1116.0	1
1409.0	1026.0	1
1382.0	1923.0	1
1050.0	1230.0	1
2184.0	1299.0	1
2437.0	228.0	1
1230.0	2029.0	1
1521.0	1385.0	1
1818.0	1211.0	1
1977.0	999.0	1
1116.0	1339.0	1
2519.0	444.0	1
1788.0	1126.0	1
1583.0	1486.0	1
1500.0	1767.0	1
1319.0	1206.0	1
2475.0	828.0	1
1426.0	1116.0	1
949.0	1852.0	1
2109.0	63.0	1
1523.0	1582.0	1
1788.0	1126.0	1
2193.0	78.0	1
1644.0	895.0	1
2189.0	1275.0	1
2467.0	926.0	1
716.0	1622.0	1
1262.0	1156.0	1
2307.0	1024.0	1
1494.0	1896.0	1
2263.0	201.0	1
1543.0	2132.0	1
1933.0	801.0	1
2215.0	890.0	1
1311.0	2107.0	1
2309.0	454.0	1
1594.0	1990.0	1
1424.0	1012.0	1
1832.0	2128.0	1
2459.0	380.0	1
2194.0	180.0	1
2157.0	543.0	1
1353.0	1729.0	1
1294.0	1474.0	1
771.0	1650.0	1
1765.0	1197.0	1
1688.0	639.0	1
2481.0	526.0	1
1372.0	1341.0	1
1056.0	1892.0	1
2259.0	264.0	1
942.0	1739.0	1
1671.0	884.0	1
1777.0	851.0	1
1050.0	2022.0	1
2333.0	506.0	1
1028.0	1920.0	1
2256.0	1279.0	1
2556.0	641.0	1
1480.0	1856.0	1
900.0	1803.0	1
1506.0	1331.0	1
1734.0	682.0	1
1542.0	1211.0	1
2176.0	469.0	1
1642.0	1719.0	1
2038.0	609.0	1
1948.0	1351.0	1
1691.0	2161.0	1
2498.0	515.0	1
1788.0	1126.0	1
2211.0	269.0	1
2229.0	733.0	1
1696.0	698.0	1
1415.0	1003.0	1
2098.0	377.0	1
1762.0	650.0	1
1651.0	1211.0	1
2178.0	94.0	0
2264.0	890.0	0
1263.0	1020.0	0
1673.0	2069.0	0
1948.0	1351.0	0
1652.0	1623.0	0
1652.0	1623.0	0
793.0	1522.0	0
1652.0	1623.0	0
2111.0	517.0	0
1652.0	1623.0	0
1532.0	1020.0	0
1532.0	1020.0	0
1652.0	1623.0	0
1376.0	2140.0	0
950.0	1536.0	0
1273.0	2114.0	0
1273.0	2114.0	0
1154.0	1370.0	0
1154.0	1370.0	0
1273.0	2114.0	0
1273.0	2114.0	0
1273.0	2114.0	0
1273.0	2114.0	0
1273.0	2114.0	0
2094.0	356.0	0
1273.0	2114.0	0
1273.0	2114.0	0
1775.0	657.0	0
1273.0	2114.0	0
1273.0	2114.0	0
2412.0	339.0	0
1273.0	2114.0	0
1543.0	931.0	0
1944.0	859.0	0
1944.0	859.0	0
1088.0	1224.0	0
1088.0	1224.0	0
1088.0	1224.0	0
2168.0	989.0	0
1534.0	854.0	0
2251.0	1273.0	0
1262.0	1474.0	0
2059.0	1274.0	0
1577.0	1369.0	0
1577.0	1369.0	0
1577.0	1369.0	0
1577.0	1369.0	0
2059.0	1274.0	0
2244.0	568.0	0
2327.0	490.0	0
1417.0	1530.0	0
1577.0	1369.0	0
1577.0	1369.0	0
1577.0	1369.0	0
1577.0	1369.0	0
1242.0	1494.0	0
2467.0	926.0	0
2467.0	926.0	0
2467.0	926.0	0
2467.0	926.0	0
2467.0	926.0	0
2467.0	926.0	0
2467.0	926.0	0
2467.0	926.0	0
1516.0	1169.0	0
1462.0	1203.0	0
1462.0	1203.0	0
2485.0	530.0	0
1525.0	1779.0	0
1583.0	1748.0	0
841.0	1946.0	0
1993.0	758.0	0
841.0	1946.0	0
841.0	1946.0	0
841.0	1946.0	0
841.0	1946.0	0
841.0	1946.0	0
841.0	1946.0	0
841.0	1946.0	0
841.0	1946.0	0
841.0	1946.0	0
841.0	1946.0	0
841.0	1946.0	0
841.0	1946.0	0
841.0	1946.0	0
841.0	1946.0	0
841.0	1946.0	0
841.0	1946.0	0
841.0	1946.0	0
841.0	1946.0	0
841.0	1946.0	0
841.0	1946.0	0
841.0	1946.0	0
841.0	1946.0	0
841.0	1946.0	0
841.0	1946.0	0
841.0	1946.0	0
841.0	1946.0	0
2467.0	926.0	0
1577.0	1369.0	0
1577.0	1369.0	0
1577.0	1369.0	0
1144.0	1731.0	0
2100.0	1057.0	0
2003.0	1129.0	0
2213.0	1299.0	0
1986.0	1007.0	0
1796.0	1040.0	0
2114.0	720.0	0
1612.0	1477.0	0
1566.0	1487.0	0
2114.0	720.0	0
1401.0	1652.0	0
1944.0	859.0	0
1941.0	856.0	0
1585.0	1343.0	0
2014.0	1343.0	0
2014.0	1343.0	0
1183.0	1973.0	0
2227.0	1143.0	0
1548.0	1270.0	0
2114.0	720.0	0
2114.0	720.0	0
1108.0	1328.0	0
1548.0	1270.0	0
1548.0	1270.0	0
1548.0	1270.0	0
1496.0	2019.0	0
1944.0	859.0	0
1944.0	859.0	0
1944.0	859.0	0
1944.0	859.0	0
2143.0	200.0	0
1931.0	846.0	0
2114.0	720.0	0
1718.0	843.0	0
1475.0	1975.0	0
2149.0	825.0	0
2114.0	720.0	0
2114.0	720.0	0
2008.0	1043.0	0
2008.0	1043.0	0
1052.0	1849.0	0
2143.0	380.0	0
1948.0	1351.0	0
2008.0	1043.0	0
2008.0	1043.0	0
2008.0	1043.0	0
2008.0	1043.0	0
2008.0	1043.0	0
2008.0	1043.0	0
1566.0	1487.0	0
734.0	1530.0	0
2114.0	720.0	0
2125.0	265.0	0
2125.0	265.0	0
2125.0	265.0	0
2125.0	265.0	0
1589.0	1908.0	0
1248.0	1277.0	0
1268.0	1256.0	0
2125.0	265.0	0
2125.0	265.0	0
2125.0	265.0	0
2227.0	1143.0	0
2227.0	1143.0	0
1788.0	2133.0	0
2125.0	265.0	0
2125.0	265.0	0
2125.0	265.0	0
2125.0	265.0	0
2125.0	265.0	0
2125.0	265.0	0
2125.0	265.0	0
2125.0	265.0	0
1944.0	859.0	0
1944.0	859.0	0
1944.0	859.0	0
1255.0	1481.0	0
2125.0	265.0	0
2125.0	265.0	0
2125.0	265.0	0
2125.0	265.0	0
2125.0	265.0	0
1262.0	1474.0	0
2498.0	515.0	0
2367.0	920.0	0
1368.0	1214.0	0
1511.0	1482.0	0
1828.0	1499.0	0
1417.0	1530.0	0
1417.0	1530.0	0
1360.0	1206.0	0
2030.0	1168.0	0
2030.0	1168.0	0
2030.0	1168.0	0
2114.0	720.0	0
1944.0	859.0	0
1944.0	859.0	0
1944.0	859.0	0
1944.0	859.0	0
1944.0	859.0	0
748.0	1673.0	0
2381.0	1116.0	0
1597.0	973.0	0
1597.0	973.0	0
2313.0	476.0	0
2381.0	1116.0	0
2269.0	225.0	0
756.0	1665.0	0
2491.0	516.0	0
2491.0	516.0	0
2491.0	516.0	0
1564.0	1594.0	0
1755.0	1208.0	0
1755.0	1208.0	0
1198.0	1379.0	0
1373.0	1979.0	0
1627.0	806.0	0
2194.0	514.0	0
1597.0	973.0	0
1597.0	973.0	0
1597.0	973.0	0
1597.0	973.0	0
1597.0	973.0	0
1597.0	973.0	0
1597.0	973.0	0
1597.0	973.0	0
1597.0	973.0	0
1597.0	973.0	0
1198.0	1379.0	0
1198.0	1379.0	0
1529.0	1043.0	0
2216.0	983.0	0
1828.0	1499.0	0
1828.0	1499.0	0
1828.0	1499.0	0
1828.0	1499.0	0
1828.0	1499.0	0
1828.0	1499.0	0
1828.0	1499.0	0
1828.0	1499.0	0
1828.0	1499.0	0
1828.0	1499.0	0
2456.0	209.0	0
1118.0	1916.0	0
1198.0	1379.0	0
1198.0	1379.0	0
1198.0	1379.0	0
1828.0	1499.0	0
1198.0	1379.0	0
1198.0	1379.0	0
1198.0	1379.0	0
1198.0	1379.0	0
1198.0	1379.0	0
1198.0	1379.0	0
1198.0	1379.0	0
2638.0	773.0	0
2491.0	516.0	0
2491.0	516.0	0
2491.0	516.0	0
1417.0	1530.0	0
1417.0	1530.0	0
1198.0	1379.0	0
2063.0	1279.0	0
2165.0	840.0	0
2638.0	773.0	0
2638.0	773.0	0
2269.0	1080.0	0
1270.0	1466.0	0
1677.0	1971.0	0
2422.0	410.0	0
1597.0	973.0	0
1092.0	1907.0	0
1319.0	1880.0	0
1597.0	973.0	0
1597.0	973.0	0
1597.0	973.0	0
1597.0	973.0	0
1597.0	973.0	0
1597.0	973.0	0
1597.0	973.0	0
1597.0	973.0	0
1262.0	1474.0	0
2195.0	283.0	0
1621.0	2086.0	0
2195.0	283.0	0
2195.0	283.0	0
2195.0	283.0	0
2220.0	1083.0	0
2220.0	1083.0	0
2220.0	1083.0	0
2220.0	1083.0	0
2220.0	1083.0	0
2220.0	1083.0	0
2220.0	1083.0	0
2220.0	1083.0	0
2220.0	1083.0	0
2061.0	218.0	0
2220.0	1083.0	0
1149.0	1859.0	0
1262.0	1474.0	0
1262.0	1474.0	0
1262.0	1474.0	0
1250.0	1838.0	0
2139.0	736.0	0
1904.0	1164.0	0
1904.0	1164.0	0
2259.0	264.0	0
1552.0	1065.0	0
1597.0	973.0	0
1597.0	973.0	0
1262.0	1474.0	0
1262.0	1474.0	0
1262.0	1474.0	0
1414.0	1448.0	0
1360.0	953.0	0
1585.0	1572.0	0
2195.0	283.0	0
1934.0	1060.0	0
1462.0	1203.0	0
2423.0	503.0	0
2423.0	503.0	0
2423.0	503.0	0
1765.0	1197.0	0
1765.0	1197.0	0
2354.0	741.0	0
2352.0	382.0	0
1258.0	1943.0	0
2220.0	1083.0	0
2220.0	1083.0	0
2220.0	1083.0	0
2220.0	1083.0	0
2220.0	1083.0	0
2220.0	1083.0	0
2220.0	1083.0	0
2220.0	1083.0	0
2220.0	1083.0	0
2220.0	1083.0	0
941.0	1731.0	0
1597.0	973.0	0
1597.0	973.0	0
1597.0	973.0	0
1597.0	973.0	0
1597.0	973.0	0
1597.0	973.0	0
1597.0	973.0	0
1597.0	973.0	0
1597.0	973.0	0
1597.0	973.0	0
1262.0	1474.0	0
1262.0	1474.0	0
2220.0	1083.0	0
2220.0	1083.0	0
2220.0	1083.0	0
2220.0	1083.0	0
2220.0	1083.0	0
2220.0	1083.0	0
2581.0	812.0	0
1649.0	1029.0	0
1649.0	1029.0	0
1649.0	1029.0	0
1649.0	1029.0	0
1649.0	1029.0	0
1649.0	1029.0	0
1649.0	1029.0	0
2432.0	374.0	0
1318.0	1435.0	0
1318.0	1435.0	0
1543.0	914.0	0
900.0	1803.0	0
1988.0	746.0	0
1988.0	746.0	0
1988.0	746.0	0
1988.0	746.0	0
2305.0	692.0	0
2305.0	692.0	0
1417.0	1530.0	0
1417.0	1530.0	0
1417.0	1530.0	0
1417.0	1530.0	0
1673.0	2069.0	0
1642.0	1872.0	0
1318.0	1435.0	0
2305.0	692.0	0
2305.0	692.0	0
2305.0	692.0	0
2305.0	692.0	0
2245.0	488.0	0
2245.0	488.0	0
2245.0	488.0	0
2245.0	488.0	0
2245.0	488.0	0
2245.0	488.0	0
1642.0	1872.0	0
1642.0	1872.0	0
1642.0	1872.0	0
2530.0	796.0	0
903.0	1852.0	0
903.0	1852.0	0
903.0	1852.0	0
903.0	1852.0	0
903.0	1852.0	0
903.0	1852.0	0
903.0	1852.0	0
1047.0	1120.0	0
1649.0	1029.0	0
903.0	1852.0	0
903.0	1852.0	0
903.0	1852.0	0
903.0	1852.0	0
903.0	1852.0	0
1649.0	1029.0	0
2305.0	692.0	0
2370.0	682.0	0
1649.0	1029.0	0
1649.0	1029.0	0
1649.0	1029.0	0
2305.0	692.0	0
1649.0	1029.0	0
1649.0	1029.0	0
2245.0	488.0	0
2245.0	488.0	0
1649.0	1029.0	0
1383.0	930.0	0
1649.0	1029.0	0
1649.0	1029.0	0
1649.0	1029.0	0
1649.0	1029.0	0
1743.0	1250.0	0
1486.0	1800.0	0
2175.0	1197.0	0
775.0	1888.0	0
1649.0	1029.0	0
1649.0	1029.0	0
1988.0	746.0	0
1988.0	746.0	0
1988.0	746.0	0
2491.0	516.0	0
1988.0	746.0	0
1988.0	746.0	0
1988.0	746.0	0
2305.0	692.0	0
1934.0	1264.0	0
1649.0	1029.0	0
1649.0	1029.0	0
1649.0	1029.0	0
1361.0	1692.0	0
1671.0	690.0	0
1988.0	746.0	0
1988.0	746.0	0
1649.0	1029.0	0
1649.0	1029.0	0
1649.0	1029.0	0
1649.0	1029.0	0
1523.0	1582.0	0
1395.0	2160.0	0
2039.0	424.0	0
2039.0	424.0	0
2039.0	424.0	0
2039.0	424.0	0
2039.0	424.0	0
2039.0	424.0	0
2039.0	424.0	0
2039.0	424.0	0
2039.0	424.0	0
2039.0	424.0	0
2104.0	731.0	0
2030.0	1168.0	0
1534.0	854.0	0
2039.0	424.0	0
1815.0	742.0	0
1538.0	910.0	0
2014.0	1343.0	0
2358.0	376.0	0
1720.0	1053.0	0
1829.0	1466.0	0
2004.0	1114.0	0
2104.0	731.0	0
2104.0	731.0	0
2104.0	731.0	0
2197.0	918.0	0
1693.0	2033.0	0
1829.0	1466.0	0
1720.0	1053.0	0
2004.0	1114.0	0
2004.0	1114.0	0
2204.0	1014.0	0
779.0	1553.0	0
1937.0	496.0	0
1720.0	1053.0	0
1720.0	1053.0	0
1720.0	1053.0	0
2104.0	731.0	0
2104.0	731.0	0
1720.0	1053.0	0
1720.0	1053.0	0
1720.0	1053.0	0
1720.0	1053.0	0
2110.0	306.0	0
1720.0	1053.0	0
1720.0	1053.0	0
1853.0	1443.0	0
1536.0	2125.0	0
1536.0	2125.0	0
1303.0	1538.0	0
1303.0	1538.0	0
1303.0	1538.0	0
1303.0	1538.0	0
1460.0	1112.0	0
1303.0	1538.0	0
1303.0	1538.0	0
1303.0	1538.0	0
1720.0	1053.0	0
1720.0	1053.0	0
1720.0	1053.0	0
2039.0	424.0	0
2039.0	424.0	0
2039.0	424.0	0
2039.0	424.0	0
2039.0	424.0	0
2039.0	424.0	0
2039.0	424.0	0
2039.0	424.0	0
2104.0	731.0	0
995.0	1759.0	0
1303.0	1538.0	0
1948.0	1351.0	0
1720.0	1053.0	0
2369.0	1023.0	0
1948.0	1351.0	0
1573.0	1649.0	0
1171.0	1436.0	0
2104.0	731.0	0
2104.0	731.0	0
1397.0	1761.0	0
941.0	1731.0	0
2030.0	1168.0	0
1269.0	1931.0	0
1269.0	1931.0	0
1269.0	1931.0	0
1269.0	1931.0	0
1269.0	1931.0	0
1269.0	1931.0	0
1269.0	1931.0	0
2308.0	532.0	0
1863.0	1260.0	0
1863.0	1260.0	0
903.0	1852.0	0
903.0	1852.0	0
903.0	1852.0	0
2161.0	653.0	0
2161.0	653.0	0
1788.0	2083.0	0
2246.0	739.0	0
2073.0	573.0	0
2073.0	573.0	0
2073.0	573.0	0
2073.0	573.0	0
2073.0	573.0	0
2073.0	573.0	0
2219.0	482.0	0
1082.0	1262.0	0
2374.0	638.0	0
2108.0	537.0	0
2358.0	93.0	0
957.0	1541.0	0
1774.0	1112.0	0
1774.0	1112.0	0
1932.0	827.0	0
1932.0	827.0	0
1932.0	827.0	0
1932.0	827.0	0
1932.0	827.0	0
1932.0	827.0	0
1932.0	827.0	0
1932.0	827.0	0
1932.0	827.0	0
1932.0	827.0	0
1932.0	827.0	0
1597.0	973.0	0
1597.0	973.0	0
1597.0	973.0	0
1597.0	973.0	0
1597.0	973.0	0
1597.0	973.0	0
1597.0	973.0	0
1932.0	827.0	0
1932.0	827.0	0
1932.0	827.0	0
1932.0	827.0	0
2004.0	1114.0	0
1269.0	1931.0	0
1269.0	1931.0	0
1269.0	1931.0	0
1269.0	1931.0	0
1269.0	1931.0	0
1269.0	1931.0	0
1269.0	1931.0	0
1269.0	1931.0	0
1269.0	1931.0	0
1269.0	1931.0	0
1269.0	1931.0	0
1269.0	1931.0	0
1269.0	1931.0	0
1269.0	1931.0	0
1269.0	1931.0	0
1269.0	1931.0	0
1269.0	1931.0	0
1166.0	1782.0	0
1417.0	1530.0	0
1106.0	1737.0	0
2642.0	556.0	0
2215.0	274.0	0
2161.0	653.0	0
2161.0	653.0	0
2160.0	629.0	0
1993.0	758.0	0
1993.0	758.0	0
1993.0	758.0	0
2073.0	573.0	0
2413.0	656.0	0
715.0	1645.0	0
1588.0	1754.0	0
1588.0	1754.0	0
1588.0	1754.0	0
1588.0	1754.0	0
1588.0	1754.0	0
1588.0	1754.0	0
1588.0	1754.0	0
1588.0	1754.0	0
1588.0	1754.0	0
1588.0	1754.0	0
1536.0	1024.0	0
1588.0	1754.0	0
1588.0	1754.0	0
1588.0	1754.0	0
1588.0	1754.0	0
1588.0	1754.0	0
1588.0	1754.0	0
1588.0	1754.0	0
1588.0	1754.0	0
1588.0	1754.0	0
2255.0	1223.0	0
1588.0	1754.0	0
1588.0	1754.0	0
1717.0	2161.0	0
903.0	1852.0	0
903.0	1852.0	0
903.0	1852.0	0
903.0	1852.0	0
903.0	1852.0	0
2195.0	207.0	0
2195.0	207.0	0
1386.0	1156.0	0
1386.0	1156.0	0
1386.0	1156.0	0
1256.0	1419.0	0
2004.0	1114.0	0
2383.0	815.0	0
1386.0	1156.0	0
1386.0	1156.0	0
1386.0	1156.0	0
1386.0	1156.0	0
2284.0	149.0	0
1576.0	1971.0	0
1576.0	1971.0	0
1576.0	1971.0	0
1576.0	1971.0	0
1576.0	1971.0	0
1576.0	1971.0	0
1576.0	1971.0	0
1576.0	1971.0	0
1576.0	1971.0	0
1576.0	1971.0	0
1576.0	1971.0	0
1576.0	1971.0	0
1576.0	1971.0	0
1576.0	1971.0	0
1937.0	496.0	0
1786.0	1457.0	0
1786.0	1457.0	0
1786.0	1457.0	0
1786.0	1457.0	0
1786.0	1457.0	0
1424.0	1645.0	0
1855.0	2153.0	0
1855.0	2153.0	0
2379.0	372.0	0
2100.0	333.0	0
2100.0	333.0	0
2100.0	333.0	0
2656.0	754.0	0
2656.0	754.0	0
2656.0	754.0	0
2625.0	653.0	0
2049.0	664.0	0
1634.0	2161.0	0
1323.0	1876.0	0
2100.0	333.0	0
2100.0	333.0	0
2100.0	333.0	0
2100.0	333.0	0
2100.0	333.0	0
2031.0	491.0	0
1268.0	1326.0	0
1154.0	1370.0	0
2100.0	333.0	0
2100.0	333.0	0
1268.0	1326.0	0
2352.0	805.0	0
1684.0	2130.0	0
1693.0	2033.0	0
2542.0	327.0	0
2100.0	333.0	0
2100.0	333.0	0
1426.0	1116.0	0
2609.0	875.0	0
2195.0	207.0	0
2195.0	207.0	0
2195.0	207.0	0
1795.0	1133.0	0
1855.0	2153.0	0
2100.0	333.0	0
2100.0	333.0	0
2100.0	333.0	0
2262.0	278.0	0
1695.0	1989.0	0
1022.0	1682.0	0
942.0	1739.0	0
942.0	1739.0	0
942.0	1739.0	0
942.0	1739.0	0
942.0	1739.0	0
1855.0	2153.0	0
1855.0	2153.0	0
1109.0	1750.0	0
942.0	1739.0	0
942.0	1739.0	0
942.0	1739.0	0
942.0	1739.0	0
942.0	1739.0	0
942.0	1739.0	0
2207.0	1123.0	0
1424.0	1645.0	0
2100.0	333.0	0
2100.0	333.0	0
2100.0	333.0	0
1985.0	220.0	0
1426.0	1167.0	0
1162.0	1996.0	0
1059.0	1768.0	0
2319.0	813.0	0
2319.0	813.0	0
1215.0	1943.0	0
2124.0	1074.0	0
2124.0	1074.0	0
1154.0	1370.0	0
1154.0	1370.0	0
1855.0	2153.0	0
1151.0	2008.0	0
1469.0	1316.0	0
2014.0	1343.0	0
2014.0	1343.0	0
1291.0	1526.0	0
1291.0	1526.0	0
1291.0	1526.0	0
1291.0	1526.0	0
1291.0	1526.0	0
1291.0	1526.0	0
1291.0	1526.0	0
1291.0	1526.0	0
1291.0	1526.0	0
1829.0	1466.0	0
2207.0	1123.0	0
1102.0	2128.0	0
2218.0	304.0	0
1110.0	1820.0	0
2314.0	790.0	0
2413.0	148.0	0
1291.0	1526.0	0
1566.0	1487.0	0
2100.0	333.0	0
2100.0	333.0	0
1144.0	1169.0	0
2214.0	537.0	0
1055.0	1765.0	0
1315.0	2008.0	0
1574.0	1390.0	0
1208.0	2079.0	0
1786.0	1457.0	0
1786.0	1457.0	0
1786.0	1457.0	0
1786.0	1457.0	0
1786.0	1457.0	0
1805.0	913.0	0
1477.0	1744.0	0
1036.0	1807.0	0
2100.0	333.0	0
2100.0	333.0	0
2100.0	333.0	0
1419.0	2096.0	0
1276.0	1864.0	0
1537.0	1093.0	0
1890.0	1369.0	0
1947.0	1251.0	0
1372.0	1575.0	0
1372.0	1575.0	0
1372.0	1575.0	0
1372.0	1575.0	0
1372.0	1575.0	0
1372.0	1575.0	0
2491.0	516.0	0
2491.0	516.0	0
1383.0	1158.0	0
1916.0	946.0	0
1916.0	946.0	0
1916.0	946.0	0
1916.0	946.0	0
2404.0	49.0	0
1363.0	1584.0	0
1363.0	1584.0	0
1363.0	1584.0	0
1363.0	1584.0	0
1363.0	1584.0	0
1363.0	1584.0	0
2263.0	1218.0	0
1574.0	1528.0	0
999.0	1796.0	0
1933.0	740.0	0
1933.0	740.0	0
1933.0	740.0	0
1933.0	740.0	0
1933.0	740.0	0
1694.0	952.0	0
1694.0	952.0	0
2568.0	215.0	0
1751.0	1001.0	0
1751.0	1001.0	0
1751.0	1001.0	0
1751.0	1001.0	0
1751.0	1001.0	0
2042.0	267.0	0
2157.0	275.0	0
2359.0	316.0	0
1507.0	1370.0	0
2251.0	567.0	0
2251.0	567.0	0
2251.0	567.0	0
2251.0	567.0	0
2251.0	567.0	0
1601.0	2019.0	0
1628.0	1570.0	0
941.0	1731.0	0
1774.0	1112.0	0
2455.0	101.0	0
1751.0	1001.0	0
1521.0	1385.0	0
1594.0	786.0	0
1476.0	1917.0	0
2446.0	1122.0	0
1652.0	1623.0	0
1671.0	884.0	0
1671.0	884.0	0
2326.0	471.0	0
792.0	1499.0	0
2004.0	1114.0	0
2016.0	189.0	0
2016.0	189.0	0
1916.0	946.0	0
2363.0	116.0	0
1372.0	1575.0	0
1372.0	1575.0	0
1372.0	1575.0	0
1372.0	1575.0	0
1372.0	1575.0	0
1372.0	1575.0	0
1568.0	942.0	0
1916.0	946.0	0
1319.0	1880.0	0
2215.0	478.0	0
2215.0	478.0	0
2215.0	478.0	0
1372.0	1575.0	0
2090.0	620.0	0
1484.0	1878.0	0
1916.0	946.0	0
1916.0	946.0	0
1443.0	1821.0	0
2276.0	588.0	0
1531.0	1379.0	0
2417.0	377.0	0
1856.0	1486.0	0
1416.0	1898.0	0
1751.0	1001.0	0
1751.0	1001.0	0
1961.0	539.0	0
2114.0	360.0	0
2114.0	360.0	0
2114.0	360.0	0
1916.0	946.0	0
957.0	1541.0	0
2157.0	1178.0	0
2506.0	258.0	0
1041.0	1077.0	0
1916.0	946.0	0
1916.0	946.0	0
1916.0	946.0	0
1372.0	1575.0	0
1372.0	1575.0	0
1372.0	1575.0	0
1372.0	1575.0	0
1738.0	846.0	0
1905.0	1058.0	0
1431.0	1808.0	0
1390.0	1914.0	0
1380.0	1819.0	0
733.0	1493.0	0
1688.0	958.0	0
1592.0	1860.0	0
2014.0	1343.0	0
2025.0	740.0	0
2025.0	740.0	0
2025.0	740.0	0
2004.0	902.0	0
2004.0	902.0	0
2004.0	902.0	0
2004.0	902.0	0
1916.0	946.0	0
1378.0	1984.0	0
1744.0	689.0	0
1648.0	1639.0	0
1720.0	1053.0	0
1688.0	958.0	0
1802.0	1496.0	0
2004.0	902.0	0
2004.0	902.0	0
2004.0	902.0	0
2004.0	902.0	0
2004.0	902.0	0
2004.0	902.0	0
2004.0	902.0	0
2004.0	902.0	0
2004.0	902.0	0
1916.0	946.0	0
1795.0	1133.0	0
1933.0	740.0	0
1933.0	740.0	0
1933.0	740.0	0
2236.0	67.0	0
2638.0	621.0	0
2196.0	314.0	0
2004.0	477.0	0
1372.0	1575.0	0
1372.0	1575.0	0
1372.0	1575.0	0
1372.0	1575.0	0
1916.0	946.0	0
983.0	1586.0	0
1819.0	809.0	0
1522.0	1637.0	0
1373.0	1979.0	0
2126.0	557.0	0
2358.0	376.0	0
2358.0	376.0	0
2336.0	415.0	0
1031.0	1071.0	0
2429.0	493.0	0
2004.0	902.0	0
2004.0	902.0	0
2195.0	207.0	0
1525.0	1038.0	0
1582.0	2020.0	0
1652.0	1623.0	0
1654.0	1633.0	0
1597.0	973.0	0
2014.0	1343.0	0
1418.0	1334.0	0
1199.0	2159.0	0
2216.0	983.0	0
775.0	1888.0	0
1535.0	1623.0	0
2561.0	636.0	0
2561.0	636.0	0
1382.0	1334.0	0
2323.0	485.0	0
2475.0	863.0	0
2475.0	863.0	0
2475.0	863.0	0
2475.0	863.0	0
2475.0	863.0	0
2475.0	863.0	0
2475.0	863.0	0
1360.0	953.0	0
1872.0	1414.0	0
1601.0	1767.0	0
1643.0	2064.0	0
1643.0	2064.0	0
1643.0	2064.0	0
1643.0	2064.0	0
1643.0	2064.0	0
1643.0	2064.0	0
1728.0	705.0	0
1202.0	1046.0	0
1671.0	884.0	0
2195.0	299.0	0
2195.0	299.0	0
2195.0	299.0	0
2195.0	299.0	0
1395.0	1985.0	0
2475.0	863.0	0
2475.0	863.0	0
2475.0	863.0	0
2475.0	863.0	0
2475.0	863.0	0
1154.0	1370.0	0
2167.0	18.0	0
2327.0	195.0	0
1201.0	1382.0	0
1608.0	1550.0	0
1947.0	169.0	0
1335.0	2136.0	0
995.0	1848.0	0
2327.0	490.0	0
1363.0	1584.0	0
1363.0	1584.0	0
1363.0	1584.0	0
1363.0	1584.0	0
1363.0	1584.0	0
1363.0	1584.0	0
1363.0	1584.0	0
1363.0	1584.0	0
1363.0	1584.0	0
1429.0	1306.0	0
1933.0	740.0	0
2303.0	112.0	0
2525.0	437.0	0
1134.0	1424.0	0
2383.0	966.0	0
1511.0	1375.0	0
1629.0	2130.0	0
2423.0	795.0	0
1234.0	1966.0	0
1319.0	1880.0	0
1040.0	1749.0	0
1751.0	1001.0	0
1751.0	1001.0	0
1751.0	1001.0	0
1751.0	1001.0	0
1751.0	1001.0	0
1751.0	1001.0	0
2319.0	813.0	0
2108.0	166.0	0
1805.0	913.0	0
2004.0	1114.0	0
2004.0	1114.0	0
2311.0	757.0	0
1525.0	1038.0	0
1903.0	1029.0	0
1372.0	1575.0	0
1372.0	1575.0	0
1372.0	1575.0	0
1372.0	1575.0	0
1372.0	1575.0	0
1372.0	1575.0	0
1942.0	520.0	0
1106.0	1737.0	0
1986.0	1007.0	0
1883.0	1362.0	0
2114.0	360.0	0
2114.0	360.0	0
1489.0	979.0	0
1751.0	1001.0	0
1751.0	1001.0	0
1751.0	1001.0	0
1751.0	1001.0	0
1751.0	1001.0	0
1751.0	1001.0	0
1263.0	1956.0	0
2300.0	857.0	0
1168.0	1902.0	0
1916.0	946.0	0
1916.0	946.0	0
1916.0	946.0	0
1916.0	946.0	0
2492.0	970.0	0
1215.0	1522.0	0
2205.0	440.0	0
909.0	1528.0	0
2025.0	740.0	0
2279.0	455.0	0
1408.0	1254.0	0
2355.0	379.0	0
1775.0	1257.0	0
1630.0	1867.0	0
1630.0	1867.0	0
2347.0	1023.0	0
1455.0	1175.0	0
2126.0	356.0	0
1366.0	1424.0	0
1366.0	1424.0	0
2221.0	741.0	0
945.0	1531.0	0
1424.0	1270.0	0
1585.0	1701.0	0
1585.0	1701.0	0
1585.0	1701.0	0
1040.0	1749.0	0
2425.0	281.0	0
2217.0	1222.0	0
2217.0	1222.0	0
2217.0	1222.0	0
2217.0	1222.0	0
1167.0	1754.0	0
2229.0	459.0	0
1594.0	786.0	0
1262.0	1637.0	0
2162.0	360.0	0
1479.0	1720.0	0
1475.0	1767.0	0
1475.0	1767.0	0
1585.0	1701.0	0
1890.0	1369.0	0
1842.0	803.0	0
1842.0	803.0	0
1842.0	803.0	0
1842.0	803.0	0
1582.0	1811.0	0
1933.0	740.0	0
2135.0	1063.0	0
2175.0	1217.0	0
1302.0	1565.0	0
949.0	1747.0	0
2246.0	469.0	0
1253.0	1115.0	0
2056.0	271.0	0
2089.0	856.0	0
1506.0	968.0	0
949.0	1747.0	0
949.0	1747.0	0
1201.0	1659.0	0
2157.0	275.0	0
1521.0	1034.0	0
1521.0	1034.0	0
832.0	1755.0	0
1521.0	1034.0	0
2372.0	1049.0	0
1747.0	1229.0	0
1295.0	1547.0	0
2195.0	283.0	0
2195.0	283.0	0
2420.0	275.0	0
1791.0	1070.0	0
1645.0	1217.0	0
1115.0	1110.0	0
1154.0	1370.0	0
1154.0	1370.0	0
2319.0	204.0	0
1844.0	1059.0	0
1844.0	1059.0	0
1829.0	1466.0	0
1374.0	1679.0	0
2304.0	324.0	0
1465.0	1223.0	0
1465.0	1223.0	0
2275.0	1068.0	0
2271.0	780.0	0
1910.0	1158.0	0
1910.0	1158.0	0
1910.0	1158.0	0
1910.0	1158.0	0
1910.0	1158.0	0
1910.0	1158.0	0
1910.0	1158.0	0
1647.0	2043.0	0
1647.0	2043.0	0
2030.0	1168.0	0
2030.0	1168.0	0
2030.0	1168.0	0
1552.0	1065.0	0
2216.0	307.0	0
1483.0	1330.0	0
1162.0	2125.0	0
2159.0	97.0	0
2282.0	922.0	0
2298.0	647.0	0
1693.0	634.0	0
2114.0	720.0	0
2269.0	1080.0	0
2568.0	215.0	0
1647.0	2043.0	0
1647.0	2043.0	0
1372.0	1575.0	0
1751.0	1001.0	0
1749.0	1197.0	0
1755.0	1208.0	0
1778.0	2073.0	0
2045.0	493.0	0
1424.0	1270.0	0
1532.0	1020.0	0
1506.0	1331.0	0
1584.0	849.0	0
1263.0	1020.0	0
2046.0	688.0	0
1732.0	1019.0	0
1789.0	1048.0	0
1359.0	1711.0	0
1251.0	1308.0	0
1946.0	487.0	0
1946.0	487.0	0
1946.0	487.0	0
1946.0	487.0	0
1359.0	1271.0	0
1237.0	1962.0	0
2195.0	207.0	0
1750.0	1212.0	0
886.0	1384.0	0
1347.0	1422.0	0
2481.0	929.0	0
2195.0	283.0	0
2195.0	283.0	0
1351.0	1320.0	0
2008.0	1043.0	0
2486.0	1028.0	0
2041.0	795.0	0
2532.0	578.0	0
1988.0	746.0	0
2305.0	692.0	0
2305.0	692.0	0
2305.0	692.0	0
2305.0	692.0	0
1805.0	913.0	0
2311.0	370.0	0
1588.0	1754.0	0
1036.0	1277.0	0
2195.0	283.0	0
1899.0	836.0	0
1876.0	858.0	0
1828.0	800.0	0
1537.0	2144.0	0
2170.0	330.0	0
2104.0	596.0	0
2104.0	596.0	0
1899.0	836.0	0
1336.0	1863.0	0
1101.0	2156.0	0
1494.0	1761.0	0
1593.0	1229.0	0
1946.0	487.0	0
1946.0	487.0	0
1946.0	487.0	0
1946.0	487.0	0
1946.0	487.0	0
1946.0	487.0	0
1946.0	487.0	0
2194.0	156.0	0
2118.0	1017.0	0
775.0	1888.0	0
1201.0	1659.0	0
1749.0	1197.0	0
2276.0	420.0	0
2353.0	275.0	0
939.0	1604.0	0
939.0	1604.0	0
2168.0	1289.0	0
2168.0	1289.0	0
2168.0	1289.0	0
2168.0	1289.0	0
2168.0	1289.0	0
2168.0	1289.0	0
2168.0	1289.0	0
2161.0	653.0	0
2372.0	785.0	0
2222.0	263.0	0
1863.0	1260.0	0
1091.0	1164.0	0
2020.0	695.0	0
2293.0	539.0	0
1798.0	2093.0	0
2201.0	481.0	0
1455.0	1280.0	0
2574.0	220.0	0
1654.0	1633.0	0
1654.0	1633.0	0
1654.0	1633.0	0
1654.0	1633.0	0
1422.0	1225.0	0
1422.0	1225.0	0
1720.0	1053.0	0
1720.0	1053.0	0
969.0	1550.0	0
1719.0	1202.0	0
1566.0	1397.0	0
1635.0	1100.0	0
2262.0	1041.0	0
2521.0	214.0	0
2640.0	752.0	0
1910.0	1158.0	0
1910.0	1158.0	0
1798.0	2093.0	0
2327.0	195.0	0
2007.0	1191.0	0
2354.0	168.0	0
1659.0	679.0	0
1910.0	1158.0	0
2193.0	107.0	0
846.0	1593.0	0
1751.0	2085.0	0
1359.0	1329.0	0
1936.0	833.0	0
2269.0	253.0	0
2118.0	1017.0	0
1358.0	1523.0	0
1506.0	968.0	0
2140.0	526.0	0
1565.0	1430.0	0
2406.0	1123.0	0
1529.0	1043.0	0
2634.0	563.0	0
1154.0	1370.0	0
1154.0	1370.0	0
1855.0	2153.0	0
1855.0	2153.0	0
1155.0	1848.0	0
1155.0	1848.0	0
1155.0	1848.0	0
2568.0	215.0	0
787.0	1284.0	0
1095.0	1275.0	0
1095.0	1275.0	0
1389.0	1810.0	0
1174.0	1019.0	0
2419.0	315.0	0
899.0	1189.0	0
2320.0	997.0	0
2320.0	997.0	0
2175.0	1217.0	0
2305.0	692.0	0
2305.0	692.0	0
2305.0	692.0	0
2305.0	692.0	0
2305.0	692.0	0
1993.0	758.0	0
1729.0	1365.0	0
2638.0	621.0	0
2111.0	533.0	0
2219.0	175.0	0
2170.0	581.0	0
1993.0	758.0	0
1993.0	758.0	0
1842.0	803.0	0
1811.0	1240.0	0
2315.0	460.0	0
1595.0	1140.0	0
2640.0	752.0	0
1643.0	2064.0	0
1643.0	2064.0	0
2165.0	840.0	0
1566.0	1487.0	0
1744.0	853.0	0
1211.0	1648.0	0
1110.0	1097.0	0
1584.0	1449.0	0
2196.0	314.0	0
2189.0	1275.0	0
1638.0	1665.0	0
1466.0	1497.0	0
1346.0	1637.0	0
1195.0	1858.0	0
1265.0	1446.0	0
2158.0	1233.0	0
775.0	1465.0	0
2193.0	107.0	0
2456.0	700.0	0
1577.0	839.0	0
2178.0	63.0	0
1326.0	1744.0	0
2004.0	517.0	0
1329.0	962.0	0
1809.0	744.0	0
1767.0	1273.0	0
1252.0	1801.0	0
2259.0	264.0	0
2197.0	1299.0	0
1737.0	1015.0	0
1737.0	1015.0	0
959.0	1584.0	0
1506.0	1331.0	0
2207.0	683.0	0
1592.0	1694.0	0
1651.0	1185.0	0
1526.0	1178.0	0
1417.0	1530.0	0
1417.0	1530.0	0
1417.0	1530.0	0
1417.0	1530.0	0
889.0	1655.0	0
1633.0	1604.0	0
2209.0	753.0	0
2209.0	753.0	0
2209.0	753.0	0
1704.0	1258.0	0
2104.0	596.0	0
2229.0	733.0	0
2068.0	743.0	0
2209.0	753.0	0
2209.0	753.0	0
2209.0	753.0	0
2209.0	753.0	0
1853.0	1443.0	0
1352.0	1173.0	0
1264.0	1472.0	0
1215.0	1750.0	0
2100.0	1057.0	0
2126.0	356.0	0
2339.0	859.0	0
1711.0	1095.0	0
955.0	1888.0	0
1815.0	1442.0	0
1134.0	2024.0	0
1711.0	1235.0	0
1711.0	1235.0	0
1711.0	1235.0	0
1711.0	1235.0	0
1270.0	1782.0	0
2180.0	266.0	0
1419.0	2096.0	0
2189.0	1275.0	0
955.0	1888.0	0
1155.0	1848.0	0
2118.0	1017.0	0
1155.0	1848.0	0
955.0	1888.0	0
724.0	1503.0	0
2143.0	200.0	0
2378.0	642.0	0
1721.0	1205.0	0
1721.0	1205.0	0
1721.0	1205.0	0
1721.0	1205.0	0
1721.0	1205.0	0
1721.0	1205.0	0
2481.0	929.0	0
1875.0	589.0	0
1151.0	2008.0	0
1566.0	1380.0	0
1652.0	1623.0	0
2135.0	1063.0	0
1652.0	1623.0	0
946.0	1474.0	0
955.0	1888.0	0
955.0	1888.0	0
955.0	1888.0	0
955.0	1888.0	0
1155.0	1848.0	0
2389.0	257.0	0
2081.0	1370.0	0
1581.0	1172.0	0
1506.0	1331.0	0
1693.0	634.0	0
1693.0	634.0	0
1490.0	1336.0	0
2081.0	1370.0	0
1990.0	1061.0	0
2069.0	331.0	0
2004.0	265.0	0
1496.0	1515.0	0
1496.0	1515.0	0
2104.0	596.0	0
1673.0	675.0	0
2462.0	437.0	0
1399.0	1369.0	0
1616.0	1221.0	0
1222.0	1597.0	0
1890.0	648.0	0
1890.0	648.0	0
1890.0	648.0	0
1890.0	648.0	0
1043.0	1858.0	0
2195.0	299.0	0
2195.0	299.0	0
2041.0	795.0	0
2301.0	221.0	0
2454.0	280.0	0
2419.0	738.0	0
1747.0	1229.0	0
1747.0	1229.0	0
1747.0	1229.0	0
1747.0	1229.0	0
1747.0	1229.0	0
1747.0	1229.0	0
1747.0	1229.0	0
1229.0	2046.0	0
1747.0	1229.0	0
1933.0	1117.0	0
1933.0	1117.0	0
1933.0	1117.0	0
1933.0	1117.0	0
1933.0	1117.0	0
1933.0	1117.0	0
1933.0	1117.0	0
775.0	1888.0	0
2164.0	1122.0	0
2006.0	1239.0	0
1100.0	1793.0	0
1100.0	1793.0	0
1100.0	1793.0	0
2315.0	460.0	0
985.0	1541.0	0
1500.0	1656.0	0
2438.0	313.0	0
2279.0	455.0	0
1749.0	1197.0	0
1749.0	1197.0	0
1737.0	1015.0	0
1737.0	1015.0	0
1737.0	1015.0	0
1737.0	1015.0	0
1737.0	1015.0	0
1899.0	836.0	0
2164.0	1122.0	0
2164.0	1122.0	0
2034.0	669.0	0
2370.0	970.0	0
1639.0	2035.0	0
1635.0	1862.0	0
1635.0	1862.0	0
1635.0	1862.0	0
1635.0	1862.0	0
1541.0	1724.0	0
1635.0	1862.0	0
1635.0	1862.0	0
1635.0	1862.0	0
1635.0	1862.0	0
1635.0	1862.0	0
1635.0	1862.0	0
1643.0	2064.0	0
2164.0	1122.0	0
1363.0	1795.0	0
2315.0	460.0	0
1570.0	1223.0	0
2064.0	476.0	0
1516.0	1169.0	0
1516.0	1169.0	0
1165.0	1430.0	0
1422.0	1778.0	0
1154.0	1370.0	0
1154.0	1370.0	0
1154.0	1370.0	0
1154.0	1370.0	0
2334.0	1128.0	0
1933.0	1117.0	0
1933.0	1117.0	0
1933.0	1117.0	0
1933.0	1117.0	0
1933.0	1117.0	0
1933.0	1117.0	0
1933.0	1117.0	0
1639.0	2035.0	0
1188.0	1156.0	0
1932.0	1282.0	0
955.0	1888.0	0
955.0	1888.0	0
955.0	1888.0	0
2352.0	382.0	0
2352.0	382.0	0
2352.0	382.0	0
2352.0	382.0	0
1261.0	1598.0	0
1815.0	1442.0	0
2268.0	654.0	0
1640.0	2140.0	0
1413.0	1657.0	0
2193.0	107.0	0
2193.0	107.0	0
2193.0	107.0	0
1312.0	1280.0	0
1424.0	1500.0	0
2379.0	248.0	0
1410.0	1878.0	0
2524.0	778.0	0
1850.0	1112.0	0
1488.0	1068.0	0
1408.0	1254.0	0
1244.0	1212.0	0
2224.0	282.0	0
1634.0	803.0	0
2249.0	503.0	0
1040.0	1749.0	0
1933.0	1117.0	0
1993.0	758.0	0
1309.0	1808.0	0
1628.0	1764.0	0
1628.0	1764.0	0
1711.0	1095.0	0
1747.0	1229.0	0
1747.0	1229.0	0
2111.0	517.0	0
2111.0	517.0	0
2374.0	1051.0	0
1346.0	1637.0	0
2209.0	753.0	0
2124.0	640.0	0
1848.0	673.0	0
1155.0	1848.0	0
955.0	1888.0	0
955.0	1888.0	0
1705.0	1189.0	0
1705.0	1189.0	0
2636.0	577.0	0
1373.0	2160.0	0
2491.0	516.0	0
2491.0	516.0	0
2491.0	516.0	0
2319.0	813.0	0
1517.0	1809.0	0
2551.0	522.0	0
2551.0	522.0	0
2551.0	522.0	0
1462.0	1538.0	0
1522.0	1637.0	0
1353.0	1729.0	0
1155.0	1848.0	0
1155.0	1848.0	0
1155.0	1848.0	0
1545.0	832.0	0
1545.0	832.0	0
2091.0	1065.0	0
945.0	1442.0	0
945.0	1442.0	0
945.0	1442.0	0
945.0	1442.0	0
1647.0	2043.0	0
1647.0	2043.0	0
1846.0	1189.0	0
775.0	1888.0	0
2638.0	773.0	0
2638.0	773.0	0
2638.0	773.0	0
945.0	1442.0	0
945.0	1442.0	0
945.0	1442.0	0
945.0	1442.0	0
945.0	1442.0	0
945.0	1442.0	0
945.0	1442.0	0
945.0	1442.0	0
2638.0	773.0	0
2638.0	773.0	0
2638.0	773.0	0
2194.0	539.0	0
2004.0	1114.0	0
2176.0	469.0	0
2524.0	421.0	0
1850.0	1112.0	0
2017.0	627.0	0
1993.0	758.0	0
2324.0	638.0	0
1155.0	1848.0	0
1155.0	1848.0	0
955.0	1888.0	0
955.0	1888.0	0
2156.0	1042.0	0
1155.0	1848.0	0
1155.0	1848.0	0
955.0	1888.0	0
1371.0	1323.0	0
1317.0	1074.0	0
2272.0	589.0	0
2406.0	1123.0	0
1321.0	1748.0	0
1076.0	2124.0	0
1645.0	1217.0	0
1630.0	2025.0	0
956.0	1782.0	0
2094.0	656.0	0
2195.0	280.0	0
1314.0	1650.0	0
1165.0	1430.0	0
2443.0	533.0	0
2230.0	978.0	0
2230.0	978.0	0
2230.0	978.0	0
2230.0	978.0	0
2230.0	978.0	0
2211.0	987.0	0
1591.0	1478.0	0
1212.0	1604.0	0
1506.0	1331.0	0
1471.0	1530.0	0
2230.0	978.0	0
2230.0	978.0	0
1324.0	1006.0	0
1589.0	1146.0	0
2161.0	653.0	0
1598.0	1031.0	0
1598.0	1031.0	0
1737.0	1015.0	0
1737.0	1015.0	0
2178.0	94.0	0
2320.0	379.0	0
1579.0	1091.0	0
1853.0	1443.0	0
1425.0	1693.0	0
1155.0	1848.0	0
1155.0	1848.0	0
2081.0	1191.0	0
2161.0	653.0	0
2161.0	653.0	0
1729.0	686.0	0
1674.0	887.0	0
1946.0	1055.0	0
2263.0	1239.0	0
1143.0	1910.0	0
1340.0	1928.0	0
2217.0	498.0	0
1154.0	1370.0	0
1154.0	1370.0	0
2123.0	598.0	0
1571.0	1499.0	0
886.0	1384.0	0
1525.0	1919.0	0
2274.0	53.0	0
1263.0	1020.0	0
2139.0	634.0	0
2161.0	653.0	0
2161.0	653.0	0
1418.0	1583.0	0
1540.0	2146.0	0
1540.0	2146.0	0
1540.0	2146.0	0
1540.0	2146.0	0
1540.0	2146.0	0
2465.0	959.0	0
1628.0	1764.0	0
1147.0	1009.0	0
1220.0	2068.0	0
1331.0	1528.0	0
2146.0	101.0	0
887.0	1552.0	0
2315.0	460.0	0
1839.0	998.0	0
2368.0	309.0	0
1747.0	1229.0	0
1747.0	1229.0	0
1624.0	1663.0	0
1610.0	1370.0	0
2065.0	205.0	0
2469.0	656.0	0
1065.0	1900.0	0
2006.0	1280.0	0
1899.0	836.0	0
1899.0	836.0	0
1899.0	836.0	0
2230.0	978.0	0
2230.0	978.0	0
2230.0	978.0	0
1535.0	1623.0	0
2153.0	69.0	0
2215.0	478.0	0
2215.0	478.0	0
784.0	1318.0	0
2524.0	421.0	0
2524.0	421.0	0
2524.0	421.0	0
2524.0	421.0	0
2524.0	421.0	0
2524.0	421.0	0
2524.0	421.0	0
2524.0	421.0	0
2524.0	421.0	0
2524.0	421.0	0
2524.0	421.0	0
2385.0	260.0	0
2157.0	577.0	0
1057.0	1321.0	0
2085.0	1365.0	0
1234.0	1280.0	0
2162.0	118.0	0
2307.0	59.0	0
1749.0	1197.0	0
1749.0	1197.0	0
1749.0	1197.0	0
1749.0	1197.0	0
1888.0	561.0	0
2047.0	87.0	0
1746.0	1005.0	0
1791.0	1070.0	0
1791.0	1070.0	0
1652.0	1623.0	0
1747.0	1229.0	0
1712.0	1220.0	0
846.0	1593.0	0
1168.0	2089.0	0
1936.0	850.0	0
1543.0	1955.0	0
1731.0	1003.0	0
955.0	1888.0	0
2446.0	1122.0	0
2042.0	391.0	0
1261.0	2132.0	0
2189.0	1275.0	0
1934.0	1264.0	0
2188.0	508.0	0
2485.0	530.0	0
2143.0	200.0	0
1437.0	1762.0	0
2175.0	1197.0	0
2358.0	93.0	0
1995.0	632.0	0
1995.0	632.0	0
1477.0	1744.0	0
2604.0	479.0	0
2194.0	156.0	0
1419.0	1071.0	0
955.0	1888.0	0
1155.0	1848.0	0
1155.0	1848.0	0
889.0	1951.0	0
1268.0	1432.0	0
1630.0	1867.0	0
1863.0	1260.0	0
1206.0	1952.0	0
1206.0	1952.0	0
934.0	1519.0	0
1268.0	1326.0	0
1678.0	2074.0	0
2304.0	324.0	0
1728.0	705.0	0
2010.0	195.0	0
1379.0	1225.0	0
1535.0	1623.0	0
2049.0	1326.0	0
2049.0	1326.0	0
2049.0	1326.0	0
955.0	1888.0	0
955.0	1888.0	0
1155.0	1848.0	0
1465.0	1223.0	0
1085.0	1756.0	0
1068.0	1156.0	0
2140.0	197.0	0
1458.0	2017.0	0
2179.0	185.0	0
1942.0	520.0	0
1155.0	1848.0	0
1155.0	1848.0	0
942.0	1266.0	0
2180.0	201.0	0
2180.0	201.0	0
2180.0	201.0	0
2180.0	201.0	0
2180.0	201.0	0
1154.0	1370.0	0
1154.0	1370.0	0
1154.0	1370.0	0
1154.0	1370.0	0
1154.0	1370.0	0
1237.0	2141.0	0
2138.0	550.0	0
1385.0	2046.0	0
1581.0	2145.0	0
1094.0	1998.0	0
1096.0	1470.0	0
2176.0	1110.0	0
2176.0	1110.0	0
1347.0	1177.0	0
1755.0	1443.0	0
1755.0	1443.0	0
2337.0	379.0	0
2227.0	1143.0	0
2069.0	575.0	0
1724.0	1207.0	0
1461.0	1274.0	0
1461.0	1274.0	0
2463.0	1134.0	0
2236.0	759.0	0
2065.0	205.0	0
1230.0	2029.0	0
2172.0	350.0	0
1948.0	1351.0	0
1413.0	929.0	0
2153.0	581.0	0
1298.0	1015.0	0
1853.0	1424.0	0
1853.0	1424.0	0
1853.0	1424.0	0
1853.0	1424.0	0
764.0	1828.0	0
1689.0	850.0	0
1284.0	1049.0	0
1293.0	1049.0	0
1461.0	1274.0	0
1418.0	1107.0	0
1862.0	579.0	0
1862.0	579.0	0
1157.0	1068.0	0
1828.0	923.0	0
1737.0	1015.0	0
1163.0	1962.0	0
1720.0	1374.0	0
1033.0	1742.0	0
2088.0	1359.0	0
1655.0	1036.0	0
1655.0	1036.0	0
1655.0	1036.0	0
1655.0	1036.0	0
1655.0	1036.0	0
1655.0	1036.0	0
1655.0	1036.0	0
1655.0	1036.0	0
1655.0	1036.0	0
1655.0	1036.0	0
2305.0	692.0	0
2305.0	692.0	0
1268.0	1326.0	0
1157.0	1068.0	0
1309.0	1155.0	0
2188.0	508.0	0
2091.0	353.0	0
2091.0	353.0	0
2091.0	353.0	0
999.0	1072.0	0
2091.0	353.0	0
2045.0	306.0	0
2447.0	857.0	0
2447.0	857.0	0
2447.0	857.0	0
2447.0	857.0	0
2047.0	855.0	0
2047.0	855.0	0
2047.0	855.0	0
2047.0	855.0	0
2047.0	855.0	0
2047.0	855.0	0
2331.0	403.0	0
2235.0	1174.0	0
2235.0	1174.0	0
2164.0	1122.0	0
1670.0	1536.0	0
733.0	1493.0	0
1441.0	932.0	0
1000.0	1207.0	0
1309.0	1850.0	0
2281.0	1229.0	0
1117.0	1636.0	0
2184.0	1299.0	0
1655.0	1036.0	0
2124.0	1074.0	0
1154.0	1370.0	0
995.0	1848.0	0
1877.0	1357.0	0
1789.0	1443.0	0
2447.0	857.0	0
2447.0	857.0	0
2447.0	857.0	0
2447.0	857.0	0
1136.0	1388.0	0
1240.0	1919.0	0
1293.0	1126.0	0
1200.0	1491.0	0
1200.0	1491.0	0
1200.0	1491.0	0
1200.0	1491.0	0
1200.0	1491.0	0
1200.0	1491.0	0
1948.0	1351.0	0
1424.0	1270.0	0
1747.0	792.0	0
1200.0	1491.0	0
1200.0	1491.0	0
2182.0	493.0	0
1964.0	786.0	0
1628.0	1764.0	0
1628.0	1764.0	0
1628.0	1764.0	0
1628.0	1764.0	0
1163.0	1908.0	0
1103.0	2007.0	0
2422.0	610.0	0
1979.0	858.0	0
1979.0	858.0	0
1743.0	656.0	0
1743.0	656.0	0
1293.0	1865.0	0
2152.0	108.0	0
2422.0	610.0	0
2422.0	610.0	0
2422.0	610.0	0
2422.0	610.0	0
2422.0	610.0	0
2422.0	610.0	0
2270.0	122.0	0
2422.0	610.0	0
2208.0	471.0	0
2208.0	471.0	0
2208.0	471.0	0
2208.0	471.0	0
1414.0	1384.0	0
1417.0	1530.0	0
1585.0	1701.0	0
1585.0	1701.0	0
1274.0	1014.0	0
1348.0	1105.0	0
2314.0	373.0	0
1629.0	1061.0	0
1629.0	1061.0	0
1979.0	858.0	0
1979.0	858.0	0
1365.0	1016.0	0
1365.0	1016.0	0
1747.0	1229.0	0
2465.0	321.0	0
2547.0	591.0	0
2372.0	785.0	0
1532.0	1503.0	0
2300.0	857.0	0
2267.0	560.0	0
1710.0	1194.0	0
1546.0	1712.0	0
1494.0	1761.0	0
1610.0	1370.0	0
2375.0	1122.0	0
1301.0	1482.0	0
1301.0	1482.0	0
1334.0	903.0	0
1274.0	1333.0	0
2069.0	575.0	0
2069.0	575.0	0
2069.0	575.0	0
2451.0	1127.0	0
1387.0	2112.0	0
2451.0	1127.0	0
2451.0	1127.0	0
989.0	1748.0	0
2209.0	1019.0	0
1387.0	2112.0	0
1387.0	2112.0	0
1387.0	2112.0	0
1387.0	2112.0	0
1387.0	2112.0	0
1566.0	1397.0	0
2181.0	300.0	0
2047.0	855.0	0
2047.0	855.0	0
2047.0	855.0	0
2047.0	855.0	0
2047.0	855.0	0
2047.0	855.0	0
1952.0	1246.0	0
1993.0	758.0	0
2424.0	328.0	0
2269.0	466.0	0
1387.0	2112.0	0
1387.0	2112.0	0
2049.0	664.0	0
928.0	1810.0	0
2266.0	410.0	0
2412.0	113.0	0
2412.0	113.0	0
2412.0	113.0	0
2412.0	113.0	0
1742.0	1379.0	0
2008.0	587.0	0
1705.0	1189.0	0
1705.0	1189.0	0
1705.0	1189.0	0
2202.0	761.0	0
1705.0	1189.0	0
1705.0	1189.0	0
1705.0	1189.0	0
2067.0	155.0	0
2067.0	155.0	0
2067.0	155.0	0
945.0	1442.0	0
945.0	1442.0	0
2412.0	113.0	0
2235.0	1174.0	0
2412.0	113.0	0
2412.0	113.0	0
1484.0	1926.0	0
1370.0	1217.0	0
1324.0	1276.0	0
2235.0	1174.0	0
2008.0	587.0	0
1203.0	1240.0	0
2208.0	471.0	0
1694.0	952.0	0
2383.0	815.0	0
770.0	1373.0	0
993.0	1808.0	0
2444.0	1071.0	0
1090.0	1752.0	0
2551.0	522.0	0
1188.0	1124.0	0
1188.0	1124.0	0
1188.0	1124.0	0
2275.0	1068.0	0
2275.0	1068.0	0
2275.0	1068.0	0
2275.0	1068.0	0
1378.0	1041.0	0
1827.0	608.0	0
1786.0	1457.0	0
2275.0	458.0	0
2275.0	458.0	0
2275.0	458.0	0
2055.0	864.0	0
2055.0	864.0	0
2055.0	864.0	0
1188.0	1124.0	0
2188.0	508.0	0
1704.0	1258.0	0
1977.0	999.0	0
1960.0	1002.0	0
2017.0	843.0	0
2275.0	1068.0	0
1475.0	1428.0	0
1475.0	1428.0	0
1076.0	2124.0	0
1199.0	1009.0	0
1700.0	1164.0	0
2456.0	700.0	0
2067.0	155.0	0
2067.0	155.0	0
1361.0	1692.0	0
2449.0	129.0	0
2211.0	269.0	0
803.0	1228.0	0
803.0	1228.0	0
803.0	1228.0	0
803.0	1228.0	0
2195.0	207.0	0
803.0	1228.0	0
1050.0	2022.0	0
1743.0	1203.0	0
2006.0	1239.0	0
2006.0	1239.0	0
2044.0	282.0	0
2044.0	282.0	0
2311.0	211.0	0
2067.0	155.0	0
2067.0	155.0	0
1142.0	2066.0	0
1479.0	1771.0	0
1840.0	1122.0	0
1200.0	1491.0	0
1200.0	1491.0	0
1200.0	1491.0	0
2124.0	1074.0	0
2124.0	1074.0	0
2124.0	1074.0	0
2124.0	1074.0	0
2124.0	1074.0	0
1979.0	858.0	0
1501.0	1040.0	0
1501.0	1040.0	0
1361.0	1012.0	0
2016.0	645.0	0
2016.0	645.0	0
1253.0	1905.0	0
1591.0	1774.0	0
1174.0	1019.0	0
2055.0	864.0	0
1174.0	1019.0	0
2209.0	1200.0	0
1789.0	1443.0	0
1506.0	1331.0	0
2261.0	808.0	0
2261.0	808.0	0
2066.0	1337.0	0
1854.0	1359.0	0
1854.0	1359.0	0
1854.0	1359.0	0
1200.0	1491.0	0
2193.0	107.0	0
1061.0	1134.0	0
1271.0	1166.0	0
1168.0	1902.0	0
2055.0	864.0	0
2055.0	864.0	0
1420.0	1121.0	0
1935.0	196.0	0
1420.0	1121.0	0
2092.0	430.0	0
1551.0	2035.0	0
1628.0	1764.0	0
2164.0	1122.0	0
1711.0	1095.0	0
1711.0	1095.0	0
2272.0	797.0	0
2272.0	797.0	0
1533.0	1699.0	0
1533.0	1699.0	0
1420.0	1121.0	0
1533.0	1699.0	0
1533.0	1699.0	0
1533.0	1699.0	0
1533.0	1699.0	0
1533.0	1699.0	0
1061.0	1223.0	0
1990.0	905.0	0
2164.0	1122.0	0
2272.0	589.0	0
1995.0	632.0	0
2224.0	1140.0	0
1743.0	656.0	0
1743.0	656.0	0
2333.0	506.0	0
1152.0	1072.0	0
1045.0	2025.0	0
1268.0	1962.0	0
1149.0	1859.0	0
1152.0	1862.0	0
1160.0	1699.0	0
1317.0	1074.0	0
1418.0	936.0	0
1943.0	702.0	0
1943.0	702.0	0
2084.0	333.0	0
1873.0	754.0	0
2167.0	158.0	0
1948.0	1351.0	0
1424.0	1500.0	0
2178.0	94.0	0
1239.0	2038.0	0
1513.0	1451.0	0
1749.0	1197.0	0
1415.0	1707.0	0
1415.0	1707.0	0
1415.0	1707.0	0
1743.0	656.0	0
1116.0	1346.0	0
1116.0	1346.0	0
1116.0	1346.0	0
1116.0	1346.0	0
1116.0	1346.0	0
1743.0	656.0	0
1271.0	1271.0	0
2223.0	1122.0	0
2069.0	575.0	0
2069.0	575.0	0
2069.0	575.0	0
1154.0	1370.0	0
1154.0	1370.0	0
1154.0	1370.0	0
1154.0	1370.0	0
1154.0	1370.0	0
1154.0	1370.0	0
1154.0	1370.0	0
1644.0	895.0	0
2069.0	575.0	0
1626.0	1491.0	0
1626.0	1491.0	0
1852.0	2148.0	0
1852.0	2148.0	0
1154.0	1370.0	0
1154.0	1370.0	0
1252.0	1501.0	0
1116.0	1346.0	0
1308.0	1367.0	0
1625.0	2083.0	0
1122.0	1387.0	0
1975.0	545.0	0
2282.0	586.0	0
2482.0	853.0	0
1152.0	1796.0	0
1041.0	1061.0	0
1200.0	1491.0	0
1200.0	1491.0	0
1647.0	1132.0	0
1313.0	945.0	0
2322.0	746.0	0
2179.0	158.0	0
2162.0	164.0	0
2392.0	197.0	0
1774.0	960.0	0
1413.0	1111.0	0
1658.0	2036.0	0
1658.0	2036.0	0
1658.0	2036.0	0
1658.0	2036.0	0
2312.0	316.0	0
1891.0	945.0	0
1417.0	1530.0	0
1198.0	1908.0	0
1936.0	833.0	0
2437.0	228.0	0
2437.0	228.0	0
1494.0	1810.0	0
2148.0	516.0	0
1200.0	1491.0	0
1200.0	1491.0	0
1481.0	1540.0	0
2275.0	458.0	0
2472.0	156.0	0
2111.0	533.0	0
2006.0	1239.0	0
2156.0	1130.0	0
1526.0	1178.0	0
1805.0	946.0	0
2179.0	165.0	0
1948.0	1351.0	0
1670.0	1536.0	0
1670.0	1536.0	0
1670.0	1536.0	0
1066.0	1229.0	0
2114.0	302.0	0
1658.0	2036.0	0
1658.0	2036.0	0
1830.0	938.0	0
1581.0	836.0	0
2334.0	99.0	0
2334.0	99.0	0
2047.0	855.0	0
2047.0	855.0	0
2047.0	855.0	0
2047.0	855.0	0
2047.0	855.0	0
2047.0	855.0	0
2047.0	855.0	0
1418.0	1107.0	0
1418.0	1107.0	0
1964.0	786.0	0
2437.0	932.0	0
1016.0	1055.0	0
1016.0	1055.0	0
2049.0	1326.0	0
1094.0	1804.0	0
2460.0	316.0	0
1899.0	1110.0	0
2333.0	506.0	0
1418.0	1107.0	0
1418.0	1107.0	0
1418.0	1107.0	0
1528.0	2012.0	0
2041.0	921.0	0
1932.0	1282.0	0
1061.0	1134.0	0
2153.0	280.0	0
2449.0	129.0	0
1466.0	1100.0	0
1466.0	1100.0	0
1602.0	1870.0	0
1832.0	1434.0	0
1320.0	1985.0	0
1779.0	1083.0	0
1779.0	1083.0	0
1369.0	1261.0	0
1114.0	1321.0	0
1507.0	1545.0	0
1326.0	1744.0	0
1265.0	1047.0	0
2156.0	1072.0	0
1805.0	946.0	0
1933.0	740.0	0
1933.0	740.0	0
1933.0	740.0	0
1933.0	740.0	0
997.0	1740.0	0
1710.0	1194.0	0
1710.0	1194.0	0
2176.0	469.0	0
2126.0	1236.0	0
1536.0	1490.0	0
2437.0	228.0	0
1157.0	1068.0	0
1991.0	1012.0	0
2099.0	361.0	0
1441.0	932.0	0
1441.0	932.0	0
1424.0	1012.0	0
1408.0	1539.0	0
2099.0	361.0	0
2099.0	361.0	0
2099.0	361.0	0
2099.0	361.0	0
2099.0	361.0	0
2099.0	361.0	0
2099.0	361.0	0
1164.0	1060.0	0
1164.0	1060.0	0
2099.0	361.0	0
2261.0	737.0	0
1460.0	1323.0	0
1053.0	1701.0	0
1053.0	1701.0	0
1602.0	1870.0	0
1602.0	1870.0	0
2037.0	1119.0	0
2385.0	260.0	0
1979.0	858.0	0
1694.0	2015.0	0
1710.0	1194.0	0
1710.0	1194.0	0
1710.0	1194.0	0
1710.0	1194.0	0
1423.0	1922.0	0
1200.0	1491.0	0
1200.0	1491.0	0
1200.0	1491.0	0
1200.0	1491.0	0
1200.0	1491.0	0
2266.0	847.0	0
2266.0	847.0	0
2266.0	847.0	0
2279.0	423.0	0
1710.0	1194.0	0
1163.0	1379.0	0
1423.0	1922.0	0
2218.0	515.0	0
2302.0	643.0	0
2120.0	1230.0	0
1200.0	1491.0	0
1200.0	1491.0	0
1200.0	1491.0	0
1200.0	1491.0	0
1200.0	1491.0	0
1200.0	1491.0	0
1200.0	1491.0	0
1200.0	1491.0	0
1352.0	1173.0	0
995.0	1212.0	0
2413.0	554.0	0
2413.0	554.0	0
2162.0	164.0	0
2338.0	341.0	0
1301.0	1164.0	0
1436.0	1495.0	0
1749.0	1197.0	0
1749.0	1197.0	0
1890.0	1369.0	0
1932.0	1282.0	0
1602.0	1870.0	0
1578.0	1337.0	0
2175.0	1197.0	0
2088.0	1359.0	0
2088.0	1359.0	0
2088.0	1359.0	0
2088.0	1359.0	0
2047.0	855.0	0
1016.0	1055.0	0
1366.0	1598.0	0
2004.0	477.0	0
1675.0	1271.0	0
2589.0	275.0	0
2520.0	765.0	0
2256.0	417.0	0
2256.0	417.0	0
2012.0	677.0	0
1418.0	1107.0	0
1418.0	1107.0	0
1418.0	1107.0	0
1418.0	1107.0	0
2581.0	239.0	0
2069.0	575.0	0
2047.0	855.0	0
2047.0	855.0	0
1028.0	1920.0	0
841.0	1946.0	0
841.0	1946.0	0
841.0	1946.0	0
841.0	1946.0	0
841.0	1946.0	0
841.0	1946.0	0
841.0	1946.0	0
841.0	1946.0	0
841.0	1946.0	0
841.0	1946.0	0
841.0	1946.0	0
841.0	1946.0	0
841.0	1946.0	0
841.0	1946.0	0
841.0	1946.0	0
841.0	1946.0	0
841.0	1946.0	0
841.0	1946.0	0
841.0	1946.0	0
841.0	1946.0	0
841.0	1946.0	0
841.0	1946.0	0
841.0	1946.0	0
841.0	1946.0	0
841.0	1946.0	0
841.0	1946.0	0
841.0	1946.0	0
841.0	1946.0	0
841.0	1946.0	0
841.0	1946.0	0
841.0	1946.0	0
841.0	1946.0	0
841.0	1946.0	0
841.0	1946.0	0
841.0	1946.0	0
841.0	1946.0	0
841.0	1946.0	0
841.0	1946.0	0
841.0	1946.0	0
841.0	1946.0	0
841.0	1946.0	0
841.0	1946.0	0
841.0	1946.0	0
841.0	1946.0	0
841.0	1946.0	0
841.0	1946.0	0
841.0	1946.0	0
841.0	1946.0	0
841.0	1946.0	0
841.0	1946.0	0
841.0	1946.0	0
841.0	1946.0	0
841.0	1946.0	0
841.0	1946.0	0
841.0	1946.0	0
841.0	1946.0	0
841.0	1946.0	0
841.0	1946.0	0
841.0	1946.0	0
841.0	1946.0	0
841.0	1946.0	0
841.0	1946.0	0
841.0	1946.0	0
841.0	1946.0	0
841.0	1946.0	0
841.0	1946.0	0
841.0	1946.0	0
841.0	1946.0	0
841.0	1946.0	0
841.0	1946.0	0
841.0	1946.0	0
841.0	1946.0	0
841.0	1946.0	0
841.0	1946.0	0
841.0	1946.0	0
841.0	1946.0	0
841.0	1946.0	0
841.0	1946.0	0
841.0	1946.0	0
841.0	1946.0	0
841.0	1946.0	0
841.0	1946.0	0
841.0	1946.0	0
841.0	1946.0	0
841.0	1946.0	0
841.0	1946.0	0
841.0	1946.0	0
841.0	1946.0	0
841.0	1946.0	0
841.0	1946.0	0
841.0	1946.0	0
841.0	1946.0	0
841.0	1946.0	0
